1 0.3939181270799069
1.002 1.054121702112968
1.004 1.301935785881504
1.006 1.532356024776082
1.008 1.746401041398943
1.01 1.945033753842969
1.012 2.129164392078148
1.014 2.299653348243305
1.016 2.457313870009155
1.018 2.602914605657832
1.02 2.737182009033962
1.022 2.860802612059316
1.024 2.974425172067213
1.026 3.078662700801186
1.028 3.174094381534737
1.03 3.261267380402822
1.032 3.340698557690683
1.034 3.412876084499805
1.036 3.478260969903598
1.038 3.537288503415233
1.04 3.590369617316497
1.042 3.637892173138087
1.044 3.680222176337859
1.046 3.717704922993181
1.048 3.75066608210619
1.05 3.779412716915075
1.052 3.804234248410702
1.054 3.825403364074274
1.056 3.843176874678572
1.058 3.857796521831513
1.06 3.86948973878567
1.062 3.878470366891235
1.064 3.884939329931042
1.066 3.889085268445377
1.068 3.891085136030062
1.07 3.891104759473873
1.072 3.889299364490065
1.074 3.885814068691302
1.076 3.8807843433574
1.078 3.874336445450465
1.08 3.866587821242154
1.082 3.857647482832427
1.084 3.847616358758096
1.086 3.836587619812547
1.088 3.824646981124712
1.09 3.811872981475759
1.092 3.798337240765686
1.094 3.784104696478711
1.096 3.769233819936268
1.098 3.75377681306873
1.1 3.737779786382209
1.102 3.721282918744145
1.104 3.704320599561227
1.106 3.68692155387491
1.108 3.669108950853594
1.11 3.650900496116193
1.112 3.632308508279029
1.114 3.613339980076844
1.116 3.593996624369084
1.118 3.574274905304225
1.12 3.55416605487776
1.122 3.533656075083552
1.124 3.512725725823267
1.126 3.491350498704646
1.128 3.469500576826162
1.13 3.447140780613363
1.132 3.42423049974044
1.134 3.400723611139523
1.136 3.376568383069756
1.138 3.351707365188084
1.14 3.326077264534107
1.142 3.299608807312002
1.144 3.272226586323492
1.146 3.243848893877034
1.148 3.214387539969646
1.15 3.183747655509236
1.152 3.151827480316712
1.154 3.118518135618472
1.156 3.083703380711313
1.158 3.047259353452795
1.16 3.009054294201196
1.162 2.968948252799859
1.164 2.926792778171136
1.166 2.882430590055295
1.168 2.868870881272256
1.17 2.869464512202614
1.172 2.867680606502459
1.174 2.863569910365189
1.176 2.857172583118872
1.178 2.848518423886152
1.18 2.837627070767941
1.182 2.824508173409415
1.184 2.809161539738729
1.186 2.791577257603628
1.188 2.771735791968607
1.19 2.749608058275248
1.192 2.725155472510691
1.194 2.6983299784737
1.196 2.669074052674368
1.198 2.637320687251929
1.2 2.602993351245479
1.202 2.618458665517033
1.204 2.631333171853023
1.206 2.64173239696405
1.208 2.649761581347315
1.21 2.655516051133223
1.212 2.659081564043674
1.214 2.660534630533069
1.216 2.659942811120056
1.218 2.657364990857973
1.22 2.65285163183478
1.222 2.646445004538629
1.224 2.638179398873163
1.226 2.628081315556913
1.228 2.616169638593636
1.23 2.602455789455132
1.232 2.586943863574608
1.234 2.569630749707174
1.236 2.550506232674327
1.238 2.529553079971193
1.24 2.506747112678726
1.242 2.482057261088218
1.244 2.455445605411601
1.246 2.426867401918921
1.248 2.396271094813133
1.25 2.363598314122521
1.252 2.384337684391827
1.254 2.402996207615314
1.256 2.419684856401207
1.258 2.434507185974408
1.26 2.447559625597019
1.262 2.458931753256788
1.264 2.468706554320833
1.266 2.476960664815557
1.268 2.483764599959037
1.27 2.489182968538918
1.272 2.493274673697295
1.274 2.496093100653697
1.276 2.497686291868417
1.278 2.498097110120818
1.28 2.497363389950729
1.282 2.495518077885785
1.284 2.492589361853381
1.286 2.488600790152654
1.288 2.483571380339765
1.29 2.477515718358446
1.292 2.470444048227357
1.294 2.462362352576263
1.296 2.453272424304193
1.298 2.443171929614784
1.3 2.432054462666584
1.302 2.419909592059487
1.304 2.406722899362388
1.306 2.392476009871727
1.308 2.377146615775681
1.31 2.360708491884435
1.312 2.343131504073064
1.314 2.324381610570229
1.316 2.304420856212908
1.318 2.283207359774845
1.32 2.260695294464298
1.322 2.236834861674895
1.324 2.211572258061905
1.326 2.184849636005255
1.328 2.156605057509666
1.33 2.126772441581861
1.332 2.095281505114455
1.334 2.081750711714126
1.336 2.105812322249078
1.338 2.128124440072091
1.34 2.148750972397358
1.342 2.16775085272377
1.344 2.185178159508622
1.346 2.201082226006378
1.348 2.215507741502256
1.35 2.228494844155799
1.352 2.240079205655455
1.354 2.250292107871465
1.356 2.259160511681085
1.358 2.26670711812725
1.36 2.272950422059297
1.362 2.277904758392144
1.364 2.281580341108456
1.366 2.283983295116836
1.368 2.285115681067764
1.37 2.284975513218036
1.372 2.283556770423691
1.374 2.280849400330953
1.376 2.276839316824346
1.378 2.271508390781122
1.38 2.264834434171172
1.382 2.256791177531892
1.384 2.247348240837831
1.386 2.236471097775592
1.388 2.224121033425025
1.39 2.210255095338614
1.392 2.194826038001811
1.394 2.177782260648062
1.396 2.159067738393306
1.398 2.138621946645797
1.4 2.116379778738303
1.402 2.136883483661468
1.404 2.155559571901888
1.406 2.172482640678459
1.408 2.187722041785868
1.41 2.201342058711138
1.412 2.21340207381205
1.414 2.223956725931365
1.416 2.233056058802426
1.418 2.240745660584102
1.42 2.247066794846131
1.422 2.252056523309812
1.424 2.255747820633401
1.426 2.258169681516733
1.428 2.259347220385274
1.43 2.259301763900088
1.432 2.258050936527071
1.434 2.255608739386103
1.436 2.251985622588646
1.438 2.247188551260611
1.44 2.241221065436088
1.442 2.234083333996715
1.444 2.225772202821044
1.446 2.21628123729826
1.448 2.205600759350927
1.45 2.193717879102148
1.452 2.180616521313524
1.454 2.166277446711641
1.456 2.150678268312467
1.458 2.133793462844907
1.46 2.115594377366977
1.462 2.096049231160507
1.464 2.075123112982906
1.466 2.052777973747459
1.468 2.02897261469675
1.47 2.003662671127069
1.472 1.97680059171522
1.474 1.948335613492812
1.476 1.91821373250696
1.478 1.886377670200337
1.48 1.852766835537716
1.482 1.817317282900359
1.484 1.779961665764151
1.486 1.740629186171819
1.488 1.699245540004311
1.49 1.655732858051155
1.492 1.610009642874473
1.494 1.561990701456326
1.496 1.511587073613968
1.498 1.458705956162921
1.5 1.403250622802763
1.502 1.453647234971526
1.504 1.501398791922376
1.506 1.546624258474466
1.508 1.58943769425014
1.51 1.629948434355723
1.512 1.66826126281655
1.514 1.704476579034492
1.516 1.738690557525501
1.518 1.770995301184349
1.52 1.801478988313835
1.522 1.830226013646205
1.524 1.857317123575303
1.526 1.882829545809199
1.528 1.906837113644537
1.53 1.929410385055672
1.532 1.950616756783825
1.534 1.97052057360394
1.536 1.989183232939622
1.538 2.006663284989613
1.54 2.023016528522437
1.542 2.038296102489448
1.544 2.052552573600247
1.546 2.065834019998414
1.548 2.078186111169759
1.55 2.089652184209679
1.552 2.100273316570898
1.554 2.110088395407658
1.556 2.119134183627451
1.558 2.127445382756641
1.56 2.135054692721603
1.562 2.141992868642636
1.564000000000001 2.148288774733557
1.566000000000001 2.153969435395746
1.568000000000001 2.159060083591408
1.570000000000001 2.163584206576964
1.572000000000001 2.167563589073739
1.574000000000001 2.171018353949537
1.576000000000001 2.173967000481171
1.578000000000001 2.176426440264717
1.580000000000001 2.178412030836962
1.582000000000001 2.179937607068402
1.584000000000001 2.181015510385088
1.586000000000001 2.181656615873718
1.588000000000001 2.181870357321468
1.590000000000001 2.181664750239373
1.592000000000001 2.181046412915329
1.594000000000001 2.180020585540257
1.596000000000001 2.178591147448431
1.598000000000001 2.176760632510548
1.600000000000001 2.174530242715755
1.602000000000001 2.17189985997657
1.604000000000001 2.168868056188363
1.606000000000001 2.165432101572962
1.608000000000001 2.161587971333769
1.610000000000001 2.157330350647789
1.612000000000001 2.152652638017917
1.614000000000001 2.147546947006918
1.616000000000001 2.142004106372619
1.618000000000001 2.136013658621994
1.620000000000001 2.129563856999973
1.622000000000001 2.122641660927101
1.624000000000001 2.115232729898358
1.626000000000001 2.107321415853833
1.628000000000001 2.098890754030233
1.630000000000001 2.089922452300603
1.632000000000001 2.080396879008009
1.634000000000001 2.070293049297395
1.636000000000001 2.059588609948274
1.638000000000001 2.048259822709349
1.640000000000001 2.036281546134738
1.642000000000001 2.023627215919925
1.644000000000001 2.010268823734163
1.646000000000001 1.996176894544577
1.648000000000001 1.981320462425785
1.650000000000001 1.965667044847499
1.652000000000001 1.949182615431126
1.654000000000001 1.931831575164979
1.656000000000001 1.913576722066446
1.658000000000001 1.894379219277954
1.660000000000001 1.874198561582326
1.662000000000001 1.852992540321727
1.664000000000001 1.830717206703047
1.666000000000001 1.807326833471209
1.668000000000001 1.813933037951867
1.670000000000001 1.834935008261084
1.672000000000001 1.854787565878147
1.674000000000001 1.873527307526515
1.676000000000001 1.891188671584047
1.678000000000001 1.907803985530413
1.680000000000001 1.923403510794949
1.682000000000001 1.938015485066373
1.684000000000001 1.951666162122759
1.686000000000001 1.96437984923741
1.688000000000001 1.976178942213523
1.690000000000001 1.987083958097745
1.692000000000001 1.997113565620239
1.694000000000001 2.006284613406218
1.696000000000001 2.014612156001498
1.698000000000001 2.02210947775216
1.700000000000001 2.028788114576068
1.702000000000001 2.034657873661653
1.704000000000001 2.039726851127197
1.706000000000001 2.044001447671548
1.708000000000001 2.047486382245131
1.710000000000001 2.050184703767986
1.712000000000001 2.052097800919497
1.714000000000001 2.053225410022447
1.716000000000001 2.053565621042127
1.718000000000001 2.053114881719174
1.720000000000001 2.051867999853006
1.722000000000001 2.049818143750813
1.724000000000001 2.0469568408552
1.726000000000001 2.043273974561819
1.728000000000001 2.038757779236508
1.730000000000001 2.0333948334397
1.732000000000001 2.02717005136416
1.734000000000001 2.020066672490363
1.736000000000001 2.012066249462162
1.738000000000001 2.00314863418372
1.740000000000001 1.993291962137021
1.742000000000001 1.982472634917635
1.744000000000001 1.970665300984801
1.746000000000001 1.957842834620293
1.748000000000001 1.94397631308889
1.750000000000001 1.929034991991753
1.752000000000001 1.952003463500378
1.754000000000001 1.973887622195063
1.756000000000001 1.994737378642145
1.758000000000001 2.014600533253814
1.760000000000001 2.033522848451465
1.762000000000001 2.051548118089514
1.764000000000001 2.068718234233646
1.766000000000001 2.085073251383949
1.768000000000001 2.10065144823015
1.770000000000001 2.115489387022958
1.772000000000001 2.129621970642442
1.774000000000001 2.143082497441409
1.776000000000001 2.155902713938907
1.778000000000001 2.168112865436173
1.780000000000001 2.179741744624732
1.782000000000001 2.190816738253734
1.784000000000001 2.201363871921181
1.786000000000001 2.21140785305126
1.788000000000001 2.22097211211771
1.790000000000001 2.230078842170915
1.792000000000001 2.238749036724275
1.794000000000001 2.247002526053277
1.796000000000001 2.254858011958771
1.798000000000001 2.262333101043908
1.800000000000001 2.26944433655242
1.802000000000001 2.276207228814079
1.804000000000001 2.282636284341395
1.806000000000001 2.288745033619992
1.808000000000001 2.29454605763341
1.810000000000001 2.300051013161565
1.812000000000001 2.305270656890528
1.814000000000001 2.310214868369854
1.816000000000001 2.314892671852252
1.818000000000001 2.319312257049035
1.820000000000001 2.323480998833433
1.822000000000001 2.327405475922607
1.824000000000001 2.331091488567943
1.826000000000001 2.334544075282006
1.828000000000001 2.337767528629391
1.830000000000001 2.340765410107563
1.832000000000001 2.34354056414274
1.834000000000001 2.346095131224752
1.836000000000001 2.348430560203878
1.838000000000001 2.35054761977162
1.840000000000001 2.352446409146447
1.842000000000001 2.354126367984609
1.844000000000001 2.355586285535264
1.846000000000001 2.356824309058242
1.848000000000001 2.357837951521989
1.850000000000001 2.358624098598374
1.852000000000001 2.3591790149703
1.854000000000001 2.359498349967279
1.856000000000001 2.359577142543366
1.858000000000001 2.359409825611186
1.860000000000001 2.358990229745047
1.862000000000001 2.358311586265466
1.864000000000001 2.357366529716798
1.866000000000001 2.356147099748996
1.868000000000001 2.354644742413928
1.870000000000001 2.35285031088606
1.872000000000001 2.350754065616763
1.874000000000001 2.348345673930859
1.876000000000001 2.345614209073585
1.878000000000001 2.342548148715471
1.880000000000001 2.339135372922233
1.882000000000001 2.335363161596187
1.884000000000001 2.331218191395225
1.886000000000001 2.326686532134886
1.888000000000001 2.321753642678624
1.890000000000001 2.316404366320847
1.892000000000001 2.310622925666888
1.894000000000001 2.304392917013649
1.896000000000001 2.297697304234147
1.898000000000001 2.290518412168849
1.900000000000001 2.282837919526228
1.902000000000001 2.274636851294561
1.904000000000001 2.265895570666613
1.906000000000001 2.256593770478438
1.908000000000001 2.246710464163161
1.910000000000001 2.236223976220225
1.912000000000001 2.225111932200192
1.914000000000001 2.213351248204872
1.916000000000001 2.200918119902135
1.918000000000001 2.187788011054457
1.920000000000001 2.173935641559893
1.922000000000001 2.159334975003769
1.924000000000001 2.143959205719154
1.926000000000001 2.127780745353741
1.928000000000001 2.110771208940472
1.930000000000001 2.092901400468919
1.932000000000001 2.074141297954117
1.934000000000001 2.05446003799917
1.936000000000001 2.033825899847708
1.938000000000001 2.012206288921909
1.940000000000001 1.989567719841483
1.942000000000001 1.965875798918723
1.944000000000001 1.941095206124433
1.946000000000001 1.915189676519168
1.948000000000001 1.888121981143997
1.950000000000001 1.859853907364626
1.952000000000001 1.830346238662467
1.954000000000001 1.79955873386587
1.956000000000001 1.767450105814496
1.958000000000001 1.733977999449466
1.960000000000001 1.69909896932162
1.962000000000001 1.66276845650992
1.964000000000001 1.624940764941747
1.966000000000001 1.585569037106462
1.968000000000001 1.544605229153405
1.970000000000001 1.502000085365112
1.972000000000001 1.457703111996246
1.974000000000001 1.411662550468438
1.976000000000001 1.363825349910906
1.978000000000001 1.314137139036424
1.980000000000001 1.262542197341882
1.982000000000001 1.208983425622372
1.984000000000001 1.153402315787385
1.986000000000001 1.095738919967441
1.988000000000001 1.035931818899099
1.990000000000001 0.9739180895759507
1.992000000000001 0.9096332721529541
1.994000000000001 0.8430113360910355
1.996000000000001 0.7739846455285999
1.998000000000001 0.7024839238662639
2.000000000000001 0.6284382175507608
