1 0.04682930110726274
1.002 0.5179268691078707
1.004 0.8946779187634448
1.006 1.228210132256993
1.008 1.522457276603306
1.01 1.781019000364517
1.012 2.0071887807431
1.014 2.20397953649739
1.016 2.374147102808834
1.018 2.520211747582502
1.02 2.644477893442588
1.022 2.749052195766139
1.024 2.835860114370369
1.026 2.906661104827222
1.028 2.963062544730146
1.03 3.006532500496046
1.032 3.038411431372114
1.034 3.05992291916086
1.036 3.072183504712315
1.038 3.0762117054
1.04 3.072936281542802
1.042 3.06320381400852
1.044 3.047785649990856
1.046 3.02738426914911
1.048 3.002639117900321
1.05 2.974131955622723
1.052 2.942391752835381
1.054 2.907899178032882
1.056 2.871090706749335
1.058 2.832362383578525
1.06 2.792073265264915
1.062 2.750548570582537
1.064 2.708082560517717
1.066 2.664941170249431
1.068 2.621364412562857
1.07 2.57756857062268
1.072 2.533748196460122
1.074 2.490077930079447
1.076 2.44671415275469
1.078 2.403796486855727
1.08 2.361449153404966
1.082 2.319782197513696
1.084 2.278892590872194
1.086 2.238865219563293
1.088 2.199773764628185
1.09 2.16168148202981
1.092 2.124641887927574
1.094 2.088699354491838
1.096 2.053889620843101
1.098 2.020240223094039
1.1 1.987770846898742
1.102 1.956493605368264
1.104 1.926413244691551
1.106 1.897527279302163
1.108 1.869826057950812
1.11 1.843292761578412
1.112 1.817903333431116
1.114 1.793626341414724
1.116 1.770422772248349
1.118 1.748245756543473
1.12 1.727040223502104
1.122 1.70674248349398
1.124 1.687279736335425
1.126 1.668569502648851
1.128 1.65051897522982
1.13 1.633024286885562
1.132 1.615969690732385
1.134 1.599226648447253
1.136 1.582652821458332
1.138 1.566090959528051
1.14 1.5493676806277
1.142 1.532292135421997
1.144 1.514654549072829
1.146 1.49622463243066
1.148 1.476749854006866
1.15 1.455953563407673
1.152 1.433532956157057
1.154 1.409156869038769
1.156 1.382463394242969
1.158 1.353057299707248
1.16 1.320507242091162
1.162 1.284342757813836
1.164 1.244051016511388
1.166 1.199073320130522
1.168 1.202728011481294
1.17 1.22800469563809
1.172 1.248289293467588
1.174 1.263869380406033
1.176 1.274978189954315
1.178 1.281796860243096
1.18 1.28445631373484
1.182 1.283038787112421
1.184 1.277579026176967
1.186 1.268065158475448
1.188 1.254439254387953
1.19 1.236597585512986
1.192 1.214390587384829
1.194 1.187622531829059
1.196 1.156050912600314
1.198 1.119385546340653
1.2 1.077287389338207
1.202 1.114675392050147
1.204 1.146659260130394
1.206 1.173695417256709
1.208 1.196189391286864
1.21 1.21449899742727
1.212 1.228937205160974
1.214 1.239774709001627
1.216 1.247242221338173
1.218 1.251532503955425
1.22 1.252802153248362
1.222 1.251173152683015
1.224 1.246734204685895
1.226 1.239541852858463
1.228 1.229621404205739
1.23 1.216967659931764
1.232 1.201545462282473
1.234 1.183290063902662
1.236 1.162107325212258
1.238 1.13787374439275
1.24 1.110436323702202
1.242 1.079612275002373
1.244 1.045188566579154
1.246 1.006921312564137
1.248 0.9645350055163157
1.25 0.9177215919951565
1.252 0.9564715663494624
1.254 0.990800055103078
1.256 1.021111379174288
1.258 1.047775122083143
1.26 1.071128455578466
1.262 1.091478280820516
1.264 1.109103197114407
1.266 1.124255309284488
1.268 1.137161883935301
1.27 1.148026864056099
1.272 1.157032250689144
1.274 1.16433935969308
1.276 1.170089960988309
1.278 1.174407307067826
1.28 1.17739705699154
1.282 1.179148101551706
1.284 1.17973329479895
1.286 1.179210096650173
1.288 1.177621130858714
1.29 1.174994662211587
1.292 1.171344996426193
1.294 1.16667280584768
1.296 1.160965383696369
1.298 1.154196829280617
1.3 1.146328166272538
1.302 1.137307395840705
1.304 1.127069486143802
1.306 1.115536299410999
1.308 1.102616457567126
1.31 1.088205147102486
1.312 1.072183863637217
1.314 1.054420096387295
1.316 1.034766952502741
1.318 1.013062721017124
1.32 0.9891303759203863
1.322 0.9627770176432398
1.324 0.9337932520200072
1.326 0.901952505577359
1.328 0.8670102757774234
1.33 0.8287033146252
1.332 0.7867487438307806
1.334 0.7728370068604721
1.336 0.8188168959105443
1.338 0.8609507326018172
1.34 0.8995197394591651
1.342 0.9347819087519138
1.344 0.9669730938893654
1.346 0.996308003527628
1.348 1.022981102387607
1.35 1.047167422414264
1.352 1.069023287552661
1.354 1.088686955075552
1.356 1.106279176069048
1.358 1.121903677365902
1.36 1.13564756690906
1.362 1.147581664230107
1.364 1.157760757437008
1.366 1.166223787822085
1.368 1.172993962923351
1.37 1.178078798599156
1.372 1.181470090406688
1.374 1.183143814308102
1.376 1.183059956463117
1.378 1.181162271602836
1.38 1.177377969215343
1.382 1.171617326508566
1.384 1.163773226848855
1.386 1.153720622104024
1.388 1.141315917046178
1.39 1.126396273691719
1.392 1.108778833172525
1.394 1.088259852442524
1.396 1.064613752826908
1.398 1.037592077115866
1.4 1.006922351590411
1.402 1.04484794970388
1.404 1.07909886050131
1.406 1.109985401290941
1.408 1.137791306798599
1.41 1.162775379302361
1.412 1.18517301096551
1.414 1.205197586217848
1.416 1.223041771466329
1.418 1.23887869888287
1.42 1.252863050517707
1.422 1.265132048518433
1.424 1.275806356795457
1.426 1.284990899062307
1.428 1.292775597791765
1.43 1.299236038264651
1.432 1.30443406154534
1.434 1.308418289895349
1.436 1.311224587831941
1.438 1.312876461751403
1.44 1.313385400765102
1.442 1.312751161139332
1.444 1.310961996486333
1.446 1.307994835622414
1.448 1.303815409789043
1.45 1.298378330722901
1.452 1.291627120860537
1.454 1.283494196771412
1.456 1.273900806729015
1.458 1.262756923152683
1.46 1.24996109048189
1.462 1.235400228879586
1.464 1.218949394000826
1.466 1.200471492906987
1.468 1.179816956053581
1.47 1.156823365130574
1.472 1.131315036387652
1.474 1.103102558932433
1.476 1.071982287346858
1.478 1.037735787825211
1.48 1.000129236896228
1.482 0.9589127716507292
1.484 0.9138197902551221
1.486 0.8645662013891571
1.488 0.8108496211033078
1.49 0.752348515446547
1.492 0.6887212870687175
1.494 0.6196053038527858
1.496 0.5446158674803674
1.498 0.4633451196792353
1.5 0.3753608837427422
1.502 0.456609527290136
1.504 0.5310305187317634
1.506 0.5990905541610541
1.508 0.6612279899551733
1.51 0.7178544956370577
1.512 0.7693566103187115
1.514 0.8160972082303841
1.516 0.8584168785185056
1.518 0.8966352241921081
1.52 0.9310520848118184
1.522 0.9619486872463374
1.524 0.9895887285676241
1.526 1.01421939491692
1.528 1.036072319948313
1.53 1.055364486244067
1.532 1.072299072895546
1.534 1.087066252254609
1.536 1.099843938682105
1.538 1.110798491951984
1.54 1.120085377810829
1.542 1.127849788042971
1.544 1.134227222249926
1.546 1.139344033419525
1.548 1.143317939234008
1.55 1.146258500947342
1.552 1.148267571549457
1.554 1.149439714828786
1.556 1.149862596843854
1.558 1.149617351219533
1.56 1.148778919593495
1.562 1.147416368453112
1.564000000000001 1.145593183522236
1.566000000000001 1.143367542780697
1.568000000000001 1.140792569126671
1.570000000000001 1.137916563623119
1.572000000000001 1.134783220203946
1.574000000000001 1.131431822653256
1.576000000000001 1.127897424611792
1.578000000000001 1.124211013308195
1.580000000000001 1.120399657658903
1.582000000000001 1.116486641329124
1.584000000000001 1.112491581298229
1.586000000000001 1.108430532425941
1.588000000000001 1.104316078470699
1.590000000000001 1.100157409968372
1.592000000000001 1.095960389338018
1.594000000000001 1.091727603541429
1.596000000000001 1.087458404584676
1.598000000000001 1.083148938112654
1.600000000000001 1.078792160311601
1.602000000000001 1.074377843299629
1.604000000000001 1.069892569151328
1.606000000000001 1.065319712669414
1.608000000000001 1.060639412984101
1.610000000000001 1.055828534029234
1.612000000000001 1.050860613913192
1.614000000000001 1.045705803172089
1.616000000000001 1.040330791862664
1.618000000000001 1.034698725422546
1.620000000000001 1.028769109196103
1.622000000000001 1.022497701494767
1.624000000000001 1.015836395031595
1.626000000000001 1.008733086540693
1.628000000000001 1.00113153436294
1.630000000000001 0.9929712037502458
1.632000000000001 0.9841870996110943
1.634000000000001 0.9747095863905062
1.636000000000001 0.9644641947475666
1.638000000000001 0.9533714146632996
1.640000000000001 0.9413464745809323
1.642000000000001 0.9282991061492704
1.644000000000001 0.9141332941080453
1.646000000000001 0.8987470108216259
1.648000000000001 0.882031934934205
1.650000000000001 0.8638731535856945
1.652000000000001 0.8441488475926553
1.654000000000001 0.8227299589628549
1.656000000000001 0.7994798400754229
1.658000000000001 0.7742538838206918
1.660000000000001 0.7468991339550139
1.662000000000001 0.7172538748857522
1.664000000000001 0.6851472000602539
1.666000000000001 0.6503985580899784
1.668000000000001 0.6634473733016598
1.670000000000001 0.6989789683809741
1.672000000000001 0.7318498866104302
1.674000000000001 0.7622227283479229
1.676000000000001 0.7902489149622272
1.678000000000001 0.8160691623465396
1.680000000000001 0.8398139215392177
1.682000000000001 0.8616037877362318
1.684000000000001 0.8815498788917258
1.686000000000001 0.8997541850187069
1.688000000000001 0.916309889220694
1.690000000000001 0.9313016614069101
1.692000000000001 0.9448059255684691
1.694000000000001 0.9568911014202718
1.696000000000001 0.9676178211431943
1.698000000000001 0.9770391218932722
1.700000000000001 0.9852006146786967
1.702000000000001 0.9921406301416176
1.704000000000001 0.9978903417195697
1.706000000000001 1.00247386660077
1.708000000000001 1.005908344828432
1.710000000000001 1.008203996851402
1.712000000000001 1.0093641597617
1.714000000000001 1.009385302403858
1.716000000000001 1.00825701948609
1.718000000000001 1.005962004769191
1.720000000000001 1.00247600335551
1.722000000000001 0.9977677430472919
1.724000000000001 0.9917988446908701
1.726000000000001 0.9845237113707073
1.728000000000001 0.9758893962647696
1.730000000000001 0.965835448920255
1.732000000000001 0.9542937396560063
1.734000000000001 0.9411882617450346
1.736000000000001 0.9264349109772191
1.738000000000001 0.9099412421484193
1.740000000000001 0.8916062019677524
1.742000000000001 0.8713198378195471
1.744000000000001 0.848962981760407
1.746000000000001 0.824406909074706
1.748000000000001 0.7975129706536372
1.750000000000001 0.7681321984035849
1.752000000000001 0.7995269220709859
1.754000000000001 0.8284281664091576
1.756000000000001 0.8550240981934764
1.758000000000001 0.8794914540531391
1.760000000000001 0.9019961919679976
1.762000000000001 0.9226941061732863
1.764000000000001 0.9417314074576733
1.766000000000001 0.9592452707314982
1.768000000000001 0.9753643516394386
1.770000000000001 0.9902092738946544
1.772000000000001 1.003893088919581
1.774000000000001 1.016521709291574
1.776000000000001 1.028194317409324
1.778000000000001 1.039003750718107
1.780000000000001 1.049036864758265
1.782000000000001 1.058374875231572
1.784000000000001 1.067093680214195
1.786000000000001 1.075264163582484
1.788000000000001 1.082952480658732
1.790000000000001 1.090220327028117
1.792000000000001 1.09712519142506
1.794000000000001 1.103720593537131
1.796000000000001 1.110056307527131
1.798000000000001 1.116178572029103
1.800000000000001 1.122130287331395
1.802000000000001 1.127951200419671
1.804000000000001 1.133678078514563
1.806000000000001 1.139344871702481
1.808000000000001 1.144982865223891
1.810000000000001 1.150620821950896
1.812000000000001 1.156285115555175
1.814000000000001 1.161999854838206
1.816000000000001 1.167786999668064
1.818000000000001 1.173666468940835
1.820000000000001 1.179656240959891
1.822000000000001 1.185772446602618
1.824000000000001 1.192029455621866
1.826000000000001 1.198439956408097
1.828000000000001 1.20501502951808
1.830000000000001 1.211764215256768
1.832000000000001 1.218695575580819
1.834000000000001 1.225815750574887
1.836000000000001 1.233130009735359
1.838000000000001 1.240642298280513
1.840000000000001 1.248355278691193
1.842000000000001 1.256270367671835
1.844000000000001 1.264387768708178
1.846000000000001 1.272706500385015
1.848000000000001 1.281224420615032
1.850000000000001 1.289938246918002
1.852000000000001 1.298843572878272
1.854000000000001 1.307934880897771
1.856000000000001 1.317205551351347
1.858000000000001 1.3266478682414
1.860000000000001 1.336253021439206
1.862000000000001 1.346011105591217
1.864000000000001 1.355911115759776
1.866000000000001 1.36594093985925
1.868000000000001 1.37608734794036
1.870000000000001 1.386335978367569
1.872000000000001 1.396671320926765
1.874000000000001 1.407076696893
1.876000000000001 1.417534236080882
1.878000000000001 1.428024850893145
1.880000000000001 1.438528207376154
1.882000000000001 1.449022693284328
1.884000000000001 1.459485383149033
1.886000000000001 1.469892000341014
1.888000000000001 1.48021687610919
1.890000000000001 1.490432905572411
1.892000000000001 1.500511500634715
1.894000000000001 1.510422539788531
1.896000000000001 1.520134314764363
1.898000000000001 1.529613473979495
1.900000000000001 1.538824962732433
1.902000000000001 1.547731960083845
1.904000000000001 1.556295812358975
1.906000000000001 1.564475963200567
1.908000000000001 1.572229880095529
1.910000000000001 1.579512977292585
1.912000000000001 1.586278535022294
1.914000000000001 1.592477614924771
1.916000000000001 1.59805897158446
1.918000000000001 1.602968960065143
1.920000000000001 1.607151439332236
1.922000000000001 1.610547671443105
1.924000000000001 1.613096216379819
1.926000000000001 1.614732822392211
1.928000000000001 1.615390311712589
1.930000000000001 1.614998461496684
1.932000000000001 1.613483879838553
1.934000000000001 1.610769876700194
1.936000000000001 1.606776329589392
1.938000000000001 1.601419543812058
1.940000000000001 1.594612107117767
1.942000000000001 1.586262738549492
1.944000000000001 1.576276131300687
1.946000000000001 1.564552789374685
1.948000000000001 1.55098885783312
1.950000000000001 1.535475946411472
1.952000000000001 1.517900946271046
1.954000000000001 1.49814583964765
1.956000000000001 1.476087502147882
1.958000000000001 1.45159749743438
1.960000000000001 1.424541864031443
1.962000000000001 1.394780893972291
1.964000000000001 1.362168902998723
1.966000000000001 1.326553992013014
1.968000000000001 1.287777799470875
1.970000000000001 1.245675244392627
1.972000000000001 1.200074259657945
1.974000000000001 1.150795515237189
1.976000000000001 1.09765213099973
1.978000000000001 1.040449378726555
1.980000000000001 0.9789843729409415
1.982000000000001 0.913045750157083
1.984000000000001 0.8424133361320603
1.986000000000001 0.7668578006917742
1.988000000000001 0.6861402996860372
1.990000000000001 0.600012103612105
1.992000000000001 0.5082142124296335
1.994000000000001 0.4104769560729917
1.996000000000001 0.3065195801494016
1.998000000000001 0.1960498162933025
2.000000000000001 0.07876343662861696
