1 0
1.002 0.1067683983075792
1.004 0.2048534436609857
1.006 0.2948005963514575
1.008 0.3771239818905147
1.01 0.4523081256074476
1.012 0.520809592579435
1.014 0.583058538048581
1.016 0.6394601731982934
1.018 0.6903961508951003
1.02 0.7362258757503627
1.022 0.7772877426185542
1.024 0.8139003074240907
1.026 0.8463633939963601
1.028 0.8749591403919441
1.03 0.8999529879933892
1.032 0.9215946164946719
1.034 0.9401188277141064
1.036 0.9557463810153586
1.038 0.9686847829659069
1.04 0.9791290337192565
1.042 0.9872623324720204
1.044 0.9932567442191731
1.046 0.9972738299099742
1.048 0.9994652419928479
1.05 0.9999732872295335
1.052 0.9989314585567486
1.054 0.9964649376771001
1.056 0.9926910699697367
1.058 0.9877198132249696
1.06 0.9816541616255215
1.062 0.9745905463199345
1.064 0.9666192138607504
1.066 0.9578245837111061
1.068 0.9482855859581865
1.07 0.9380759803103104
1.072 0.9272646573961114
1.074 0.9159159233291283
1.076 0.9040897684489674
1.078 0.8918421211008788
1.08 0.8792250872689372
1.082 0.866287176833902
1.084 0.853073517185107
1.086 0.8396260548762579
1.088 0.8259837459776956
1.09 0.8121827357423693
1.092 0.7982565281693703
1.094 0.7842361460172873
1.096 0.770150281789764
1.098 0.7560254401873734
1.1 0.7418860724931879
1.102 0.7277547033341309
1.104 0.7136520502362705
1.106 0.6995971363695821
1.108 0.6856073968562988
1.11 0.6716987789967048
1.112 0.6578858367470786
1.114 0.6441818197663489
1.116 0.6305987573308943
1.118 0.6171475374006741
1.12 0.6038379811045461
1.122 0.5906789128980927
1.124 0.5776782266335443
1.126 0.5648429477683895
1.128 0.5521792919269637
1.13 0.5396927200176738
1.132 0.5273879900975177
1.134 0.5152692061651128
1.136 0.5033398640536495
1.138 0.4916028945858057
1.14 0.4800607041438796
1.142 0.4687152128000348
1.144 0.4575678901436618
1.146 0.446619788935396
1.148 0.4358715767102586
1.15 0.4253235654457055
1.152 0.4149757394040449
1.154 0.4048277812526983
1.156 0.3948790965601199
1.158 0.3851288367598325
1.16 0.3755759206699733
1.162 0.3662190546509449
1.164 0.3570567514792393
1.166 0.3480873480112011
1.168 0.3393090217064538
1.17 0.3307198060768562
1.172 0.3223176051232395
1.174 0.314100206818727
1.176 0.3060652956942008
1.178 0.2982104645783961
1.18 0.290533225542201
1.182 0.2830310200939881
1.184 0.2757012286702018
1.186 0.2685411794629694
1.188 0.2615481566241684
1.19 0.2547194078831921
1.192 0.2480521516135644
1.194 0.2415435833815935
1.196 0.2351908820083906
1.198 0.2289912151748164
1.2 0.2229417445972599
1.202 0.2170396308005741
1.204 0.2112820375130103
1.206 0.2056661357065818
1.208 0.2001891073049609
1.21 0.1948481485797537
1.212 0.1896404732548102
1.214 0.1845633153370999
1.216 0.1796139316916293
1.218 0.1747896043768638
1.22 0.1700876427561737
1.222 0.1655053853999283
1.224 0.1610402017920128
1.226 0.1566894938537402
1.228 0.1524506972973795
1.23 0.1483212828208031
1.232 0.1442987571540803
1.234 0.1403806639682108
1.236 0.1365645846555865
1.238 0.1328481389912001
1.24 0.1292289856830849
1.242 0.1257048228199625
1.244 0.1222733882235932
1.246 0.1189324597128762
1.248 0.1156798552863157
1.25 0.1125134332290699
1.252 0.1094310921504184
1.254 0.1064307709571215
1.256 0.1035104487678137
1.258 0.1006681447732475
1.26 0.09790191804690514
1.262 0.09520986731021268
1.264 0.09259013065632263
1.266 0.09004088523617618
1.268 0.0875603469103222
1.27 0.08514676986974243
1.272 0.08279844622872293
1.274 0.08051370559261037
1.276 0.07829091460310718
1.278 0.07612847646357931
1.28 0.07402483044668634
1.282 0.07197845138648634
1.284 0.06998784915701926
1.286 0.06805156813923574
1.288 0.06616818667800531
1.29 0.06433631653081759
1.292 0.06255460230967169
1.294 0.06082172091754372
1.296 0.05913638098071648
1.298 0.05749732227816331
1.3 0.05590331516908421
1.302 0.05435316001961145
1.304 0.05284568662961864
1.306 0.05137975366049662
1.308 0.049954248064686
1.31 0.04856808451769318
1.312 0.04722020485325387
1.314 0.0459095775022516
1.316 0.04463519693594318
1.318 0.04339608311399441
1.32 0.04219128093778132
1.322 0.04101985970936716
1.324 0.03988091259652615
1.326 0.03877355610414411
1.328 0.03769692955229227
1.33 0.03665019456123493
1.332 0.03563253454360227
1.334 0.03464315420392848
1.336 0.03368127904573023
1.338 0.03274615488627347
1.34 0.03183704737915419
1.342 0.03095324154479626
1.344 0.03009404130894994
1.346 0.02925876904925523
1.348 0.02844676514991711
1.35 0.02765738756452388
1.352 0.02689001138702449
1.354 0.02614402843086776
1.356 0.0254188468162931
1.358 0.02471389056575098
1.36 0.02402859920742139
1.362 0.02336242738678761
1.364 0.02271484448621491
1.366 0.02208533425247464
1.368 0.02147339443214795
1.37 0.02087853641483537
1.372 0.0203002848840935
1.374 0.01973817747601428
1.376 0.01919176444535686
1.378 0.01866060833913891
1.38 0.01814428367758911
1.382 0.01764237664235991
1.384 0.01715448477189624
1.386 0.01668021666385405
1.388 0.01621919168445857
1.39 0.01577103968469265
1.392 0.01533540072320216
1.394 0.01491192479580463
1.396 0.01450027157148686
1.398 0.01410011013477589
1.4 0.01371111873436723
1.402 0.01333298453789439
1.404 0.01296540339272311
1.406 0.01260807959265443
1.408 0.01226072565042001
1.41 0.01192306207585491
1.412 0.01159481715963209
1.414 0.01127572676244488
1.416 0.01096553410952347
1.418 0.01066398959037319
1.42 0.0103708505636228
1.422 0.01008588116687224
1.424 0.00980885213143084
1.426 0.009539540601837621
1.428 0.009277729960057204
1.43 0.009023209654245924
1.432 0.0087757750319842
1.434 0.008535227177872716
1.436 0.008301372755391579
1.438 0.008074023852923046
1.44 0.007852997833839886
1.442 0.007638117190563376
1.444 0.00742920940249625
1.446 0.007226106797737503
1.448 0.007028646418487989
1.45 0.006836669890057032
1.452 0.006650023293381935
1.454 0.006468557040974264
1.456 0.006292125756207979
1.458 0.006120588155866653
1.46 0.005953806935868188
1.462 0.005791648660087274
1.464 0.00563398365219775
1.466 0.005480685890458072
1.468 0.005331632905365234
1.47 0.005186705680103774
1.472 0.005045788553718166
1.474 0.004908769126938657
1.476 0.004775538170591573
1.478 0.00464598953652755
1.48 0.004520020071001691
1.482 0.0043975295304419
1.484 0.00427842049954272
1.486 0.00416259831162338
1.488 0.004049970971190695
1.49 0.003940449078648046
1.492 0.003833945757093987
1.494 0.003730376581154439
1.496 0.00362965950779467
1.498 0.003531714809057705
1.5 0.003436465006677909
1.502 0.003343834808519051
1.504 0.003253751046787855
1.506 0.00316614261797511
1.508 0.003080940424477558
1.51 0.002998077317854941
1.512 0.002917488043677918
1.514 0.002839109187923408
1.516 0.002762879124875197
1.518 0.002688737966488744
1.52 0.002616627513179965
1.522 0.002546491205999074
1.524 0.002478274080151335
1.526 0.002411922719827733
1.528 0.00234738521430943
1.53 0.002284611115310838
1.532 0.002223551395527098
1.534 0.002164158408352607
1.536 0.002106385848738124
1.538 0.002050188715154886
1.54 0.001995523272634899
1.542 0.001942347016857508
1.544 0.001890618639253107
1.546 0.00184029799309553
1.548 0.001791346060555615
1.55 0.001743724920688977
1.552 0.001697397718331917
1.554 0.001652328633879964
1.556 0.001608482853924332
1.558 0.001565826542722179
1.56 0.001524326814477287
1.562 0.0014839517064083
1.564000000000001 0.00144467015258242
1.566000000000001 0.001406451958492954
1.568000000000001 0.00136926777635974
1.570000000000001 0.001333089081132091
1.572000000000001 0.00129788814717437
1.574000000000001 0.001263638025614938
1.576000000000001 0.001230312522339706
1.578000000000001 0.001197886176612067
1.580000000000001 0.001166334240301409
1.582000000000001 0.001135632657703079
1.584000000000001 0.001105758045932906
1.586000000000001 0.001076687675880069
1.588000000000001 0.001048399453702445
1.590000000000001 0.001020871902849
1.592000000000001 0.0009940841465942789
1.594000000000001 0.0009680158910704566
1.596000000000001 0.0009426474087827324
1.598000000000001 0.0009179595225943869
1.600000000000001 0.0008939335901681085
1.602000000000001 0.0008705514888505602
1.604000000000001 0.0008477956009876388
1.606000000000001 0.0008256487996580721
1.608000000000001 0.0008040944348134718
1.610000000000001 0.0007831163198132651
1.612000000000001 0.0007626987183431941
1.614000000000001 0.0007428263317064732
1.616000000000001 0.0007234842864769737
1.618000000000001 0.0007046581225040586
1.620000000000001 0.0006863337812590806
1.622000000000001 0.0006684975945137326
1.624000000000001 0.0006511362733408153
1.626000000000001 0.0006342368974281652
1.628000000000001 0.0006177869046968382
1.630000000000001 0.0006017740812148056
1.632000000000001 0.0005861865513977502
1.634000000000001 0.000571012768488731
1.636000000000001 0.0005562415053087522
1.638000000000001 0.0005418618452704839
1.640000000000001 0.0005278631736476018
1.642000000000001 0.0005142351690924462
1.644000000000001 0.0005009677953948869
1.646000000000001 0.0004880512934754816
1.648000000000001 0.0004754761736062567
1.650000000000001 0.0004632332078525521
1.652000000000001 0.0004513134227296455
1.654000000000001 0.0004397080920679792
1.656000000000001 0.0004284087300810351
1.658000000000001 0.0004174070846300594
1.660000000000001 0.00040669513067999
1.662000000000001 0.000396265063941125
1.664000000000001 0.0003861092946912216
1.666000000000001 0.0003762204417728445
1.668000000000001 0.0003665913267609691
1.670000000000001 0.0003572149682959535
1.672000000000001 0.0003480845765771498
1.674000000000001 0.0003391935480125685
1.676000000000001 0.0003305354600201192
1.678000000000001 0.0003221040659760951
1.680000000000001 0.0003138932903066989
1.682000000000001 0.0003058972237185008
1.684000000000001 0.0002981101185638781
1.686000000000001 0.0002905263843375535
1.688000000000001 0.0002831405833005048
1.690000000000001 0.0002759474262275891
1.692000000000001 0.0002689417682753567
1.694000000000001 0.000262118604966611
1.696000000000001 0.0002554730682883861
1.698000000000001 0.0002490004229000991
1.700000000000001 0.0002426960624487248
1.702000000000001 0.0002365555059879513
1.704000000000001 0.000230574394498323
1.706000000000001 0.0002247484875055206
1.708000000000001 0.0002190736597939437
1.710000000000001 0.0002135458982129016
1.712000000000001 0.0002081612985727554
1.714000000000001 0.0002029160626284567
1.716000000000001 0.0001978064951479775
1.718000000000001 0.0001928290010632276
1.720000000000001 0.0001879800827010892
1.722000000000001 0.0001832563370923041
1.724000000000001 0.0001786544533559834
1.726000000000001 0.0001741712101575882
1.728000000000001 0.0001698034732382951
1.730000000000001 0.0001655481930137036
1.732000000000001 0.0001614024022399259
1.734000000000001 0.0001573632137451256
1.736000000000001 0.0001534278182246603
1.738000000000001 0.0001495934820980078
1.740000000000001 0.0001458575454257225
1.742000000000001 0.0001422174198847186
1.744000000000001 0.0001386705868002231
1.746000000000001 0.0001352145952327834
1.748000000000001 0.0001318470601187733
1.750000000000001 0.0001285656604628751
1.752000000000001 0.0001253681375810638
1.754000000000001 0.0001222522933926617
1.756000000000001 0.0001192159887600706
1.758000000000001 0.0001162571418748322
1.760000000000001 0.0001133737266886994
1.762000000000001 0.0001105637713884512
1.764000000000001 0.0001078253569132043
1.766000000000001 0.0001051566155130235
1.768000000000001 0.0001025557293476621
1.770000000000001 0.0001000209291242926
1.772000000000001 9.755049277313267E-05
1.774000000000001 9.514274415988776E-05
1.776000000000001 9.279605183397546E-05
1.778000000000001 9.050882781151708E-05
1.780000000000001 8.827952639211955E-05
1.782000000000001 8.610664300848717E-05
1.784000000000001 8.39887131079435E-05
1.786000000000001 8.192431106496132E-05
1.788000000000001 7.991204912382258E-05
1.790000000000001 7.795057637056676E-05
1.792000000000001 7.603857773339622E-05
1.794000000000001 7.417477301073962E-05
1.796000000000001 7.235791592619594E-05
1.798000000000001 7.058679320960155E-05
1.800000000000001 6.886022370348553E-05
1.802000000000001 6.717705749419969E-05
1.804000000000001 6.553617506703225E-05
1.806000000000001 6.393648648462696E-05
1.808000000000001 6.237693058805692E-05
1.810000000000001 6.085647421991734E-05
1.812000000000001 5.937411146881698E-05
1.814000000000001 5.792886293467082E-05
1.816000000000001 5.651977501420968E-05
1.818000000000001 5.514591920614005E-05
1.820000000000001 5.380639143540642E-05
1.822000000000001 5.250031139601684E-05
1.824000000000001 5.12268219119172E-05
1.826000000000001 4.998508831540645E-05
1.828000000000001 4.877429784260342E-05
1.830000000000001 4.7593659045488E-05
1.832000000000001 4.644240122005639E-05
1.834000000000001 4.531977385013636E-05
1.836000000000001 4.422504606642935E-05
1.838000000000001 4.31575061203534E-05
1.840000000000001 4.211646087227338E-05
1.842000000000001 4.110123529371904E-05
1.844000000000001 4.011117198320083E-05
1.846000000000001 3.91456306952448E-05
1.848000000000001 3.820398788227884E-05
1.850000000000001 3.728563624901289E-05
1.852000000000001 3.638998431896641E-05
1.854000000000001 3.551645601280398E-05
1.856000000000001 3.466449023815305E-05
1.858000000000001 3.38335404905844E-05
1.860000000000001 3.302307446544449E-05
1.862000000000001 3.223257368024084E-05
1.864000000000001 3.1461533107286E-05
1.866000000000001 3.070946081631792E-05
1.868000000000001 2.997587762681794E-05
1.870000000000001 2.926031676976041E-05
1.872000000000001 2.856232355853214E-05
1.874000000000001 2.788145506876718E-05
1.876000000000001 2.721727982685248E-05
1.878000000000001 2.656937750686329E-05
1.880000000000001 2.593733863569639E-05
1.882000000000001 2.532076430617487E-05
1.884000000000001 2.471926589790453E-05
1.886000000000001 2.413246480566792E-05
1.888000000000001 2.355999217514925E-05
1.890000000000001 2.300148864578696E-05
1.892000000000001 2.24566041005594E-05
1.894000000000001 2.192499742251133E-05
1.896000000000001 2.140633625783692E-05
1.898000000000001 2.090029678533926E-05
1.900000000000001 2.040656349208981E-05
1.902000000000001 1.992482895511908E-05
1.904000000000001 1.945479362897312E-05
1.906000000000001 1.899616563897319E-05
1.908000000000001 1.854866058002474E-05
1.910000000000001 1.811200132082162E-05
1.912000000000001 1.768591781329897E-05
1.914000000000001 1.727014690719088E-05
1.916000000000001 1.686443216955295E-05
1.918000000000001 1.646852370911466E-05
1.920000000000001 1.608217800532877E-05
1.922000000000001 1.570515774199001E-05
1.924000000000001 1.533723164529854E-05
1.926000000000001 1.497817432624634E-05
1.928000000000001 1.462776612720909E-05
1.930000000000001 1.428579297262908E-05
1.932000000000001 1.395204622367707E-05
1.934000000000001 1.362632253678579E-05
1.936000000000001 1.330842372594891E-05
1.938000000000001 1.299815662868339E-05
1.940000000000001 1.269533297555601E-05
1.942000000000001 1.239976926317645E-05
1.944000000000001 1.211128663056409E-05
1.946000000000001 1.18297107387954E-05
1.948000000000001 1.155487165384461E-05
1.950000000000001 1.128660373252976E-05
1.952000000000001 1.102474551148092E-05
1.954000000000001 1.076913959904855E-05
1.956000000000001 1.051963257007202E-05
1.958000000000001 1.027607486343162E-05
1.960000000000001 1.003832068230844E-05
1.962000000000001 9.806227897078989E-06
1.964000000000001 9.579657950773595E-06
1.966000000000001 9.358475767029349E-06
1.968000000000001 9.142549660470266E-06
1.970000000000001 8.931751249449317E-06
1.972000000000001 8.725955371088711E-06
1.974000000000001 8.525039998556608E-06
1.976000000000001 8.328886160519966E-06
1.978000000000001 8.137377862715083E-06
1.980000000000001 7.950402011579132E-06
1.982000000000001 7.767848339886766E-06
1.984000000000001 7.589609334338746E-06
1.986000000000001 7.415580165049477E-06
1.988000000000001 7.245658616883166E-06
1.990000000000001 7.079745022588535E-06
1.992000000000001 6.917742197684427E-06
1.994000000000001 6.75955537704888E-06
1.996000000000001 6.605092153166662E-06
1.998000000000001 6.454262415990513E-06
2.000000000000001 6.306978294373179E-06
