1 0
1.002 0.102279648537499
1.004 0.1965922183946968
1.006 0.2834176943667315
1.008 0.3632095827705205
1.01 0.436396320674482
1.012 0.5033826111024426
1.014 0.5645506880950527
1.016 0.6202615153072992
1.018 0.6708559216266429
1.02 0.71665567711287
1.022 0.7579645123868158
1.024 0.7950690844305609
1.026 0.8282398916058372
1.028 0.857732140549796
1.03 0.8837865674675347
1.032 0.9066302162084288
1.034 0.9264771753879627
1.036 0.9435292766980782
1.038 0.9579767564365831
1.04 0.9699988821797244
1.042 0.9797645464211492
1.044 0.9874328289049471
1.046 0.9931535292899812
1.048 0.9970676716969935
1.05 0.999307982608769
1.052 0.9999993435167253
1.054 0.9992592196344123
1.056 0.9971980659293818
1.058 0.9939197116594638
1.06 0.9895217245375321
1.062 0.9840957555901173
1.064 0.9777278657195997
1.066 0.9704988349270021
1.068 0.9624844551024589
1.07 0.9537558072431057
1.072 0.9443795239132884
1.074 0.9344180377194986
1.076 0.9239298165321557
1.078 0.9129695861482059
1.08 0.9015885410523207
1.082 0.8898345439002218
1.084 0.8777523143151486
1.086 0.8653836075577137
1.088 0.8527673836001968
1.09 0.839939967108675
1.092 0.8269351988101715
1.094 0.8137845786971529
1.096 0.8005174014981546
1.098 0.787160884820988
1.1 0.7737402903538239
1.102 0.7602790384893747
1.104 0.7467988167184001
1.106 0.7333196821207228
1.108 0.7198601582648505
1.11 0.7064373268111146
1.112 0.6930669140978621
1.114 0.6797633729756952
1.116 0.6665399601409372
1.118 0.6534088092064273
1.12 0.6403809997353438
1.122 0.6274666224519793
1.124 0.6146748408322633
1.126 0.6020139492662427
1.128 0.5894914279747068
1.13 0.57711399485265
1.132 0.5648876544032528
1.134 0.5528177439175131
1.136 0.5409089770465743
1.138 0.5291654849061038
1.14 0.517590854844807
1.142 0.5061881670022548
1.144 0.4949600287746488
1.146 0.483908607300963
1.148 0.4730356600759977
1.15 0.4623425637913119
1.152 0.4518303414997109
1.154 0.4414996881939475
1.156 0.4313509948855436
1.158 0.4213843712651284
1.16 0.411599667021413
1.162 0.4019964918918764
1.164 0.3925742345143781
1.166 0.3833320801452936
1.168 0.3742690273062897
1.17 0.3653839034185987
1.172 0.3566753794805377
1.174 0.3481419838410759
1.176 0.3397821151194648
1.178 0.3315940543182944
1.18 0.3235759761748369
1.182 0.3157259597931535
1.184 0.3080419985971913
1.186 0.3005220096429552
1.188 0.2931638423258168
1.19 0.2859652865170986
1.192 0.2789240801622532
1.194 0.2720379163712274
1.196 0.2653044500299729
1.198 0.2587213039604985
1.2 0.2522860746554118
1.202 0.2459963376114812
1.204 0.2398496522854468
1.206 0.2338435666940446
1.208 0.22797562167903
1.21 0.2222433548568596
1.212 0.2166443042716229
1.214 0.211176011768811
1.216 0.2058360261065484
1.218 0.2006219058200074
1.22 0.1955312218538711
1.222 0.1905615599768888
1.224 0.1857105229918064
1.226 0.1809757327532139
1.228 0.1763548320051683
1.23 0.1718454860497919
1.232 0.167445384257422
1.234 0.1631522414283069
1.236 0.1589637990152786
1.238 0.154877826216314
1.24 0.1508921209453821
1.242 0.1470045106895253
1.244 0.143212853259649
1.246 0.139515037442089
1.248 0.135908983557617
1.25 0.1323926439341631
1.252 0.1289640032991802
1.254 0.1256210790972304
1.256 0.1223619217380526
1.258 0.1191846147800672
1.26 0.1160872750539826
1.262 0.1130680527308989
1.264 0.1101251313390423
1.266 0.1072567277330229
1.268 0.1044610920192767
1.27 0.1017365074411315
1.272 0.09908129022673562
1.274 0.09649378940288814
1.276 0.09397238657762651
1.278 0.09151549569425384
1.28 0.08912156275932433
1.282 0.08678906554694298
1.284 0.08451651328160005
1.286 0.08230244630161135
1.288 0.08014543570510899
1.29 0.07804408298040313
1.292 0.07599701962241749
1.294 0.07400290673679062
1.296 0.0720604346331323
1.298 0.07016832240882399
1.3 0.0683253175246611
1.302 0.06653019537354668
1.304 0.06478175884336336
1.306 0.06307883787507396
1.308 0.06142028901702503
1.31 0.05980499497636261
1.312 0.05823186416840021
1.314 0.05669983026472059
1.316 0.05520785174073439
1.318 0.05375491142336375
1.32 0.05234001603946874
1.322 0.05096219576558704
1.324 0.04962050377950832
1.326 0.04831401581416928
1.328 0.04704182971430784
1.33 0.04580306499628291
1.332 0.04459686241142787
1.334 0.04342238351327517
1.336 0.04227881022895604
1.338 0.04116534443505269
1.34 0.04008120753815143
1.342 0.03902564006032064
1.344 0.03799790122971279
1.346 0.03699726857646842
1.348 0.03602303753407854
1.35 0.03507452104634209
1.352 0.03415104918003818
1.354 0.03325196874341357
1.356 0.03237664291057326
1.358 0.03152445085184389
1.36 0.03069478737016851
1.362 0.02988706254357716
1.364 0.02910070137376619
1.366 0.02833514344080933
1.368 0.02758984256401021
1.37 0.02686426646890105
1.372 0.02615789646037987
1.374 0.0254702271019721
1.376 0.02480076590119528
1.378 0.02414903300099747
1.38 0.02351456087723541
1.382 0.02289689404215128
1.384 0.0222955887538027
1.386 0.02171021273139476
1.388 0.02114034487646004
1.39 0.02058557499982701
1.392 0.02004550355431494
1.394 0.01951974137308922
1.396 0.01900790941360915
1.398 0.01850963850709679
1.4 0.01802456911345376
1.402 0.01755235108155076
1.404 0.01709264341481274
1.406 0.01664511404202115
1.408 0.01620943959325407
1.41 0.01578530518088237
1.412 0.01537240418554136
1.414 0.01497043804699487
1.416 0.01457911605980897
1.418 0.01419815517375247
1.42 0.01382727979884011
1.422 0.01346622161493526
1.424 0.01311471938582878
1.426 0.01277251877771002
1.428 0.01243937218194755
1.43 0.01211503854209624
1.432 0.01179928318504873
1.434 0.01149187765624928
1.436 0.01119259955888875
1.438 0.01090123239700019
1.44 0.01061756542237511
1.442 0.01034139348522143
1.444 0.01007251688848478
1.446 0.009810741245755717
1.448 0.009555877342686559
1.45 0.009307741001842128
1.452 0.009066152950910001
1.454 0.008830938694196643
1.456 0.008601928387336968
1.458 0.008378956715145996
1.46 0.008161862772542159
1.462 0.007950489948472937
1.464 0.007744685812774848
1.466 0.007544302005900638
1.468 0.007349194131447834
1.47 0.007159221651423786
1.472 0.006974247784183658
1.474 0.006794139404978907
1.476 0.006618766949054672
1.478 0.006448004317236133
1.48 0.006281728783944479
1.482 0.006119820907584715
1.484 0.005962164443248394
1.486 0.005808646257675546
1.488 0.005659156246421126
1.49 0.005513587253172667
1.492 0.005371834991166496
1.494 0.005233797966651355
1.496 0.005099377404348946
1.498 0.004968477174862428
1.5 0.00484100372398462
1.502 0.004716866003858635
1.504 0.004595975405945103
1.506 0.004478245695750635
1.508 0.004363592949273575
1.51 0.004251935491123899
1.512 0.004143193834274998
1.514 0.00403729062140625
1.516 0.003934150567796036
1.518 0.003833700405725852
1.52 0.003735868830357088
1.522 0.003640586447042822
1.524 0.003547785720038096
1.526 0.00345740092257265
1.528 0.003369368088251261
1.53 0.00328362496374742
1.532 0.003200110962757118
1.534 0.003118767121180003
1.536 0.003039536053496345
1.538 0.002962361910308541
1.54 0.002887190337017142
1.542 0.002813968433601699
1.544 0.002742644715477733
1.546 0.00267316907540163
1.548 0.002605492746396104
1.55 0.002539568265669481
1.552 0.002475349439502724
1.554 0.00241279130907878
1.556 0.002351850117229436
1.558 0.002292483276075489
1.56 0.002234649335536756
1.562 0.002178307952688836
1.564000000000001 0.002123419861944265
1.566000000000001 0.002069946846036284
1.568000000000001 0.002017851707783862
1.570000000000001 0.001967098242617288
1.572000000000001 0.001917651211844119
1.574000000000001 0.001869476316635795
1.576000000000001 0.001822540172715688
1.578000000000001 0.001776810285730004
1.580000000000001 0.001732255027283154
1.582000000000001 0.001688843611620024
1.584000000000001 0.00164654607293774
1.586000000000001 0.001605333243310161
1.588000000000001 0.001565176731208644
1.590000000000001 0.001526048900603149
1.592000000000001 0.001487922850628098
1.594000000000001 0.001450772395797878
1.596000000000001 0.001414572046757147
1.598000000000001 0.001379296991551673
1.600000000000001 0.001344923077405643
1.602000000000001 0.001311426792991861
1.604000000000001 0.001278785251181511
1.606000000000001 0.001246976172260633
1.608000000000001 0.001215977867600675
1.610000000000001 0.001185769223770943
1.612000000000001 0.001156329687080946
1.614000000000001 0.00112763924854109
1.616000000000001 0.001099678429230423
1.618000000000001 0.001072428266060384
1.620000000000001 0.001045870297923919
1.622000000000001 0.001019986552219481
1.624000000000001 0.0009947595317397937
1.626000000000001 0.000970172201915548
1.628000000000001 0.0009462079784043446
1.630000000000001 0.0009228507150156003
1.632000000000001 0.0009000846919622658
1.634000000000001 0.0008778946044305408
1.636000000000001 0.0008562655514589267
1.638000000000001 0.0008351830251182601
1.640000000000001 0.0008146328999845372
1.642000000000001 0.000794601422896599
1.644000000000001 0.0007750752029909539
1.646000000000001 0.0007560412020061888
1.648000000000001 0.0007374867248496754
1.650000000000001 0.0007193994104194321
1.652000000000001 0.000701767222674225
1.654000000000001 0.000684578441945144
1.656000000000001 0.0006678216564821161
1.658000000000001 0.0006514857542289566
1.660000000000001 0.0006355599148207488
1.662000000000001 0.0006200336017975085
1.664000000000001 0.000604896555028276
1.666000000000001 0.0005901387833398606
1.668000000000001 0.0005757505573447331
1.670000000000001 0.000561722402462624
1.672000000000001 0.0005480450921305487
1.674000000000001 0.00053470964119616
1.676000000000001 0.000521707299489418
1.678000000000001 0.0005090295455677582
1.680000000000001 0.0004966680806300032
1.682000000000001 0.0004846148225944537
1.684000000000001 0.0004728619003366875
1.686000000000001 0.0004614016480827202
1.688000000000001 0.0004502265999533031
1.690000000000001 0.0004393294846552474
1.692000000000001 0.0004287032203157805
1.694000000000001 0.000418340909456038
1.696000000000001 0.00040823583409992
1.698000000000001 0.0003983814510146069
1.700000000000001 0.0003887713870791906
1.702000000000001 0.0003793994347779028
1.704000000000001 0.0003702595478145803
1.706000000000001 0.0003613458368450528
1.708000000000001 0.000352652565324264
1.710000000000001 0.00034417414546499
1.712000000000001 0.0003359051343051475
1.714000000000001 0.0003278402298807154
1.716000000000001 0.0003199742675014189
1.718000000000001 0.0003123022161263748
1.720000000000001 0.000304819174836997
1.722000000000001 0.0002975203694044984
1.724000000000001 0.000290401148949447
1.726000000000001 0.0002834569826908563
1.728000000000001 0.0002766834567823979
1.730000000000001 0.0002700762712333579
1.732000000000001 0.0002636312369120427
1.734000000000001 0.0002573442726294061
1.736000000000001 0.0002512114023007142
1.738000000000001 0.0002452287521831268
1.740000000000001 0.000239392548187152
1.742000000000001 0.0002336991132599635
1.744000000000001 0.0002281448648386365
1.746000000000001 0.0002227263123713988
1.748000000000001 0.0002174400549050741
1.750000000000001 0.0002122827787369092
1.752000000000001 0.0002072512551290445
1.754000000000001 0.000202342338083946
1.756000000000001 0.0001975529621791285
1.758000000000001 0.0001928801404595851
1.760000000000001 0.0001883209623863541
1.762000000000001 0.0001838725918397048
1.764000000000001 0.0001795322651754712
1.766000000000001 0.0001752972893330922
1.768000000000001 0.0001711650399939683
1.770000000000001 0.000167132959788771
1.772000000000001 0.000163198556552385
1.774000000000001 0.0001593594016251998
1.776000000000001 0.0001556131281994979
1.778000000000001 0.000151957429709725
1.780000000000001 0.0001483900582654596
1.782000000000001 0.0001449088231259302
1.784000000000001 0.0001415115892149594
1.786000000000001 0.0001381962756752537
1.788000000000001 0.0001349608544609665
1.790000000000001 0.0001318033489675173
1.792000000000001 0.0001287218326976589
1.794000000000001 0.0001257144279628144
1.796000000000001 0.0001227793046187446
1.798000000000001 0.0001199146788346146
1.800000000000001 0.0001171188118945673
1.802000000000001 0.000114390009030929
1.804000000000001 0.0001117266182882001
1.806000000000001 0.0001091270294169985
1.808000000000001 0.0001065896727971618
1.810000000000001 0.0001041130183892178
1.812000000000001 0.0001016955747134683
1.814000000000001 9.93358878559431E-05
1.816000000000001 9.703254050050566E-05
1.818000000000001 9.478415098640999E-05
1.820000000000001 9.258937239063144E-05
1.822000000000001 9.044689163429868E-05
1.824000000000001 8.835542861259416E-05
1.826000000000001 8.631373534748689E-05
1.828000000000001 8.432059516269358E-05
1.830000000000001 8.237482188026821E-05
1.832000000000001 8.047525903824961E-05
1.834000000000001 7.862077912879864E-05
1.836000000000001 7.681028285628115E-05
1.838000000000001 7.504269841476811E-05
1.840000000000001 7.331698078442767E-05
1.842000000000001 7.16321110463132E-05
1.844000000000001 6.998709571505286E-05
1.846000000000001 6.838096608896727E-05
1.848000000000001 6.681277761714863E-05
1.850000000000001 6.528160928305068E-05
1.852000000000001 6.378656300415465E-05
1.854000000000001 6.232676304727707E-05
1.856000000000001 6.090135545910975E-05
1.858000000000001 5.950950751158501E-05
1.860000000000001 5.815040716167206E-05
1.862000000000001 5.682326252522449E-05
1.864000000000001 5.55273013645031E-05
1.866000000000001 5.426177058901373E-05
1.868000000000001 5.302593576930651E-05
1.870000000000001 5.181908066339414E-05
1.872000000000001 5.0640506755454E-05
1.874000000000001 4.948953280648932E-05
1.876000000000001 4.836549441663568E-05
1.878000000000001 4.7267743598801E-05
1.880000000000001 4.619564836334239E-05
1.882000000000001 4.514859231348836E-05
1.884000000000001 4.412597425122054E-05
1.886000000000001 4.312720779334307E-05
1.888000000000001 4.215172099746621E-05
1.890000000000001 4.119895599764669E-05
1.892000000000001 4.026836864942901E-05
1.894000000000001 3.935942818403918E-05
1.896000000000001 3.847161687149246E-05
1.898000000000001 3.760442969237831E-05
1.900000000000001 3.675737401809525E-05
1.902000000000001 3.59299692993147E-05
1.904000000000001 3.512174676245566E-05
1.906000000000001 3.433224911396131E-05
1.908000000000001 3.356103025217276E-05
1.910000000000001 3.28076549865998E-05
1.912000000000001 3.207169876439587E-05
1.914000000000001 3.135274740384812E-05
1.916000000000001 3.065039683469793E-05
1.918000000000001 2.996425284511474E-05
1.920000000000001 2.929393083514855E-05
1.922000000000001 2.863905557649032E-05
1.924000000000001 2.799926097837774E-05
1.926000000000001 2.737418985948428E-05
1.928000000000001 2.676349372563531E-05
1.930000000000001 2.616683255320091E-05
1.932000000000001 2.558387457801483E-05
1.934000000000001 2.501429608967714E-05
1.936000000000001 2.445778123110063E-05
1.938000000000001 2.391402180316301E-05
1.940000000000001 2.338271707433339E-05
1.942000000000001 2.286357359514236E-05
1.944000000000001 2.235630501737099E-05
1.946000000000001 2.186063191783583E-05
1.948000000000001 2.137628162664922E-05
1.950000000000001 2.090298805984122E-05
1.952000000000001 2.044049155622711E-05
1.954000000000001 1.998853871841333E-05
1.956000000000001 1.954688225783207E-05
1.958000000000001 1.911528084370143E-05
1.960000000000001 1.869349895580976E-05
1.962000000000001 1.828130674102416E-05
1.964000000000001 1.787847987342825E-05
1.966000000000001 1.748479941799345E-05
1.968000000000001 1.710005169769469E-05
1.970000000000001 1.672402816397988E-05
1.972000000000001 1.635652527050801E-05
1.974000000000001 1.599734435006968E-05
1.976000000000001 1.564629149461047E-05
1.978000000000001 1.530317743827468E-05
1.980000000000001 1.496781744339403E-05
1.982000000000001 1.464003118934376E-05
1.984000000000001 1.431964266419277E-05
1.986000000000001 1.400648005907687E-05
1.988000000000001 1.370037566522424E-05
1.990000000000001 1.340116577356492E-05
1.992000000000001 1.310869057685891E-05
1.994000000000001 1.282279407427716E-05
1.996000000000001 1.254332397837375E-05
1.998000000000001 1.227013162438658E-05
2.000000000000001 1.200307188180832E-05
