1 0.0007457892216462384
1.002 0.3990393443341187
1.004 0.7295790814631399
1.006 1.003387550806327
1.008 1.228125217723799
1.01 1.410471691398573
1.012 1.556250960814002
1.014 1.670540455116
1.016 1.757766050779267
1.018 1.821784865258631
1.02 1.86595743225409
1.022 1.893210642128517
1.024 1.906092647890829
1.026 1.906820778615667
1.028 1.89732336486853
1.03 1.879276261758263
1.032 1.854134752158057
1.034 1.823161423274039
1.036 1.787450532242869
1.038 1.747949309206026
1.04 1.705476587955005
1.042 1.660739103574105
1.044 1.614345752492251
1.046 1.566820072099183
1.048 1.518611163811211
1.05 1.470103254518133
1.052 1.421624066126361
1.054 1.373452140930718
1.056 1.325823251362978
1.058 1.278936005899663
1.06 1.232956748235872
1.062 1.188023833958045
1.064 1.144251357626655
1.066 1.10173239318956
1.068 1.060541801796063
1.07 1.0207386532
1.072 0.9823682998772967
1.074 0.9454641366044538
1.076 0.9100490724290875
1.078 0.8761367366019769
1.08 0.8437324350317128
1.082 0.8128338690747413
1.084 0.7834316238969413
1.086 0.755509429153984
1.088 0.729044190253994
1.09 0.704005783906121
1.092 0.6803566069401589
1.094 0.6580508624205982
1.096 0.6370335617853946
1.098 0.6172392160216253
1.1 0.5985901826470879
1.102 0.5809946283901619
1.104 0.5643440598314016
1.106 0.5485103657586465
1.108 0.5333423054484959
1.11 0.5186613663597983
1.112 0.5042569026297876
1.114 0.4898804520995813
1.116 0.4752391141371885
1.118 0.4599878530194907
1.12 0.4437205717943933
1.122 0.4259597790492604
1.124 0.4061446454997775
1.126 0.3970541438054346
1.128 0.3984931964235032
1.13 0.3973229691072783
1.132 0.3937331532680161
1.134 0.3878031395212563
1.136 0.379505339140361
1.138 0.3687060474876271
1.14 0.355163914636813
1.142 0.3385260418273275
1.144 0.3358413130166835
1.146 0.3427894310009122
1.148 0.3467293342776391
1.15 0.3480366108675579
1.152 0.3469789109007826
1.154 0.3437237427238061
1.156 0.3383440663924699
1.158 0.3308218339635327
1.16 0.321049587200815
1.162 0.3088301873513681
1.164 0.2938747178779611
1.166 0.275798568865123
1.168 0.2778338804229572
1.17 0.2882945569377044
1.172 0.2958694583453422
1.174 0.300991279875596
1.176 0.3040038450327145
1.178 0.3051704358609664
1.18 0.3046805023345645
1.182 0.3026548934585959
1.184 0.2991497268879219
1.186 0.2941589904494542
1.188 0.2876159474991651
1.19 0.2793933982065066
1.192 0.2693028303161132
1.194 0.2570924753975688
1.196 0.24244426978915
1.198 0.2249697031197373
1.2 0.2042045212180625
1.202 0.2218733394894377
1.204 0.2362668008677453
1.206 0.247906086157133
1.208 0.2572353364531775
1.21 0.2646301162145275
1.212 0.2704046827599013
1.214 0.2748181833849351
1.216 0.2780798848106597
1.218 0.2803535248604837
1.22 0.2817608628963363
1.222 0.2823844934306639
1.224 0.2822699762927423
1.226 0.2814273266058611
1.228 0.2798318984819363
1.23 0.2774246876303668
1.232 0.2741120698878184
1.234 0.2697649848937015
1.236 0.2642175666587134
1.238 0.2572652155036335
1.24 0.2486620986902007
1.242 0.2381180599369584
1.244 0.2252949108245274
1.246 0.2098020697628139
1.248 0.1911915066335824
1.25 0.1689519433518594
1.252 0.1940580109774903
1.254 0.2154730036898143
1.256 0.233692957268787
1.258 0.2491436682189422
1.26 0.2621865253312468
1.262 0.2731233925213975
1.264 0.2820246684510484
1.266 0.2894369157769482
1.268 0.2953273590048852
1.27 0.2997914282972594
1.272 0.3028768677107709
1.274 0.3045837658586064
1.276 0.3048638182085057
1.278 0.3036188049737785
1.28 0.3006982579841855
1.282 0.2958962789920632
1.284 0.2889474604416886
1.286 0.2832292654326668
1.288 0.2970803509393817
1.29 0.3085650691756687
1.292 0.3180218206245315
1.294 0.3257237154523836
1.296 0.3318845290581627
1.298 0.3366636060725831
1.3 0.3401698067612602
1.302 0.342464574749467
1.304 0.3435641913606673
1.306 0.3434412694376861
1.308 0.3420255281069605
1.31 0.339203879383288
1.312 0.3348198476405618
1.314 0.328672333651865
1.316 0.3205137259995857
1.318 0.3100473540514668
1.32 0.2969242682776071
1.322 0.2807393253379443
1.324 0.2610265469953655
1.326 0.2372537134052151
1.328 0.2088161425974746
1.33 0.1750295989042457
1.332 0.1351222635919347
1.334 0.1198301319339963
1.336 0.1604754530082154
1.338 0.1946910202101099
1.34 0.2233165387989902
1.342 0.2470948944937148
1.344 0.2666824966772665
1.346 0.2826584730211936
1.348 0.2955328325241123
1.35 0.3057537009372291
1.352 0.3137137208509835
1.354 0.319755698192143
1.356 0.3241775673969339
1.358 0.3272367389636499
1.36 0.3291538853401758
1.362 0.3301162140712618
1.364 0.3302802707298424
1.366 0.329774308307123
1.368 0.3287002543658285
1.37 0.3271353023045577
1.372 0.3251331484788555
1.374 0.3227248926214448
1.376 0.3199196149493427
1.378 0.316704639492107
1.38 0.3130454894790702
1.382 0.3088855370424071
1.384 0.3041453459875874
1.386 0.2987217029150749
1.388 0.292486328510091
1.39 0.2852842573146423
1.392 0.2769318707219684
1.394 0.2672145642522762
1.396 0.2558840263438869
1.398 0.242655101888801
1.4 0.2272022095182793
1.402 0.2431933693456619
1.404 0.2569600281820744
1.406 0.2688557791012941
1.408 0.2791915957326034
1.41 0.2882404527926674
1.412 0.2962414238818308
1.414 0.3034033091398015
1.416 0.3099078396125948
1.418 0.3159125000082667
1.42 0.3215530068524831
1.422 0.3268670866745214
1.424 0.3321102564599795
1.426 0.337286085562386
1.428 0.3424621777923608
1.43 0.3476926123552666
1.432 0.3530189215313832
1.434 0.3584708845447382
1.436 0.3640671499930112
1.438 0.3698156971844798
1.44 0.3757141448448065
1.442 0.3817499138954649
1.444 0.3879002493472516
1.446 0.394132104778501
1.448 0.4004018913613206
1.45 0.4066550919444542
1.452 0.4128257392830803
1.454 0.4188357561094889
1.456 0.4245941533501478
1.458 0.4299960814006079
1.46 0.4349217279565593
1.462 0.4392350544539317
1.464 0.4427823616798858
1.466 0.4453906735664521
1.468 0.4468659265557174
1.47 0.4469909502157242
1.472 0.4455232229750329
1.474 0.4421923849158976
1.476 0.4366974875052456
1.478 0.4287039579321332
1.48 0.4178402533421452
1.482 0.4036941776941088
1.484 0.3858088311920401
1.486 0.3636781592433944
1.488 0.336742064639797
1.49 0.3043810431229595
1.492 0.2659102986588393
1.494 0.2205732905674994
1.496 0.1675346601120603
1.498 0.1058724792029558
1.5 0.03456975848480908
1.502 0.1059417524740111
1.504 0.1675896591634477
1.506 0.220570025462114
1.508 0.2658353864549719
1.51 0.3042442014010893
1.512 0.3365698457790499
1.514 0.3635087481297167
1.516 0.3856877519372317
1.518 0.4036707750881797
1.52 0.4179648324773097
1.522 0.4290254810148303
1.524 0.4372617405707642
1.526 0.443040539207935
1.528 0.4466907263542653
1.53 0.4485066932996081
1.532 0.4487516365291904
1.534 0.4476604958859264
1.536 0.4454425963519548
1.538 0.4422840193237128
1.54 0.4383497265955134
1.542 0.4337854578374805
1.544 0.4287194201307043
1.546 0.4232637860836082
1.548 0.4175160151787478
1.55 0.4115600112701512
1.552 0.4054671275510723
1.554 0.399297028825093
1.556 0.3930984195256252
1.558 0.3869096446266856
1.56 0.3807591693590661
1.562 0.3746659424791167
1.564000000000001 0.3686396467214342
1.566000000000001 0.3626808389915598
1.568000000000001 0.3567809818105219
1.570000000000001 0.3509223665003551
1.572000000000001 0.3450779275895014
1.574000000000001 0.3392109469104143
1.576000000000001 0.333274644850092
1.578000000000001 0.3272116551890152
1.580000000000001 0.3209533789165127
1.582000000000001 0.3144192113322791
1.584000000000001 0.3075156356257762
1.586000000000001 0.3001351749586724
1.588000000000001 0.2921551938510032
1.590000000000001 0.283436538379767
1.592000000000001 0.2738220033292447
1.594000000000001 0.2631346129749023
1.596000000000001 0.2511757006262583
1.598000000000001 0.237722770386898
1.600000000000001 0.2225271227993762
1.602000000000001 0.233529072888117
1.604000000000001 0.2427504753550919
1.606000000000001 0.2504228185055976
1.608000000000001 0.2567491741209742
1.610000000000001 0.2619067706461836
1.612000000000001 0.2660492773378397
1.614000000000001 0.2693088243324366
1.616000000000001 0.2717977809647311
1.618000000000001 0.2736103122664937
1.620000000000001 0.2748237313830392
1.622000000000001 0.2754996636379651
1.624000000000001 0.2756588147659153
1.626000000000001 0.2753868074486588
1.628000000000001 0.2746771562872253
1.630000000000001 0.2735370605557702
1.632000000000001 0.2719614564052253
1.634000000000001 0.2699332876799763
1.636000000000001 0.2674236542718561
1.638000000000001 0.2643918423881142
1.640000000000001 0.2607852400827171
1.642000000000001 0.2565391404256579
1.644000000000001 0.2515764337545742
1.646000000000001 0.2458071895591554
1.648000000000001 0.2391281276842789
1.650000000000001 0.2314219776957138
1.652000000000001 0.2225567244260509
1.654000000000001 0.2123847369020613
1.656000000000001 0.2007417770420738
1.658000000000001 0.1874458836973569
1.660000000000001 0.1722961267894461
1.662000000000001 0.1550712254603586
1.664000000000001 0.1355280232993184
1.666000000000001 0.1133998128327323
1.668000000000001 0.1202927523863237
1.670000000000001 0.1403245177554635
1.672000000000001 0.1578475509801027
1.674000000000001 0.17313075587155
1.676000000000001 0.186418296930059
1.678000000000001 0.1979316209309023
1.680000000000001 0.2078712990510835
1.682000000000001 0.2164187028904629
1.684000000000001 0.2237375265499468
1.686000000000001 0.22997516582375
1.688000000000001 0.2352639645346912
1.690000000000001 0.2397223370839505
1.692000000000001 0.2434557753931385
1.694000000000001 0.2465577475805796
1.696000000000001 0.2491104949297008
1.698000000000001 0.2511857329699218
1.700000000000001 0.2528452617943465
1.702000000000001 0.2541414900791358
1.704000000000001 0.2551178766421343
1.706000000000001 0.2558092927788959
1.708000000000001 0.2562423080385945
1.710000000000001 0.2564354015465606
1.712000000000001 0.2563991004405989
1.714000000000001 0.2561360464612103
1.716000000000001 0.2556409912178566
1.718000000000001 0.2549007201410917
1.720000000000001 0.2538939046203127
1.722000000000001 0.2525908813157994
1.724000000000001 0.2509533571183191
1.726000000000001 0.2489340377065271
1.728000000000001 0.2464761771184293
1.730000000000001 0.2435130452049194
1.732000000000001 0.2399673092674132
1.734000000000001 0.2357503255944458
1.736000000000001 0.2307613360000856
1.738000000000001 0.2248865638265028
1.740000000000001 0.2179982032001285
1.742000000000001 0.2099532946214859
1.744000000000001 0.2005924792188032
1.746000000000001 0.1897386232004717
1.748000000000001 0.1771953031966145
1.750000000000001 0.1627451422806418
1.752000000000001 0.178295704691689
1.754000000000001 0.1919066724298382
1.756000000000001 0.2037845439349039
1.758000000000001 0.2141127642436413
1.760000000000001 0.2230533850570325
1.762000000000001 0.2307485356793476
1.764000000000001 0.2373217165979602
1.766000000000001 0.2428789260866024
1.768000000000001 0.2475096289092649
1.770000000000001 0.2512875749675366
1.772000000000001 0.254271474561773
1.774000000000001 0.2565055358174323
1.776000000000001 0.2580198687540036
1.778000000000001 0.2588307594373753
1.780000000000001 0.2589408166497158
1.782000000000001 0.2583389925267119
1.784000000000001 0.257000477643304
1.786000000000001 0.2548864700689675
1.788000000000001 0.2519438169553734
1.790000000000001 0.2481045262562121
1.792000000000001 0.2432851452044077
1.794000000000001 0.2373860011791942
1.796000000000001 0.2302902995778398
1.798000000000001 0.2218630722572651
1.800000000000001 0.2119499690224917
1.802000000000001 0.2242937159570114
1.804000000000001 0.2351778677669135
1.806000000000001 0.2447993674487118
1.808000000000001 0.2533354147090275
1.810000000000001 0.2609453561794302
1.812000000000001 0.2677724015043165
1.814000000000001 0.2739451808464556
1.816000000000001 0.2795791579760042
1.818000000000001 0.284777911850417
1.820000000000001 0.2896342984441994
1.822000000000001 0.294231503539289
1.824000000000001 0.2986439962302324
1.826000000000001 0.3029383920252153
1.828000000000001 0.3071742336270891
1.830000000000001 0.3114046967511669
1.832000000000001 0.3156772276725697
1.834000000000001 0.3200341185897865
1.836000000000001 0.324513026337712
1.838000000000001 0.3291474394781331
1.840000000000001 0.333967098334186
1.842000000000001 0.3389983721138166
1.844000000000001 0.3442645968822026
1.846000000000001 0.3497863777911941
1.848000000000001 0.3555818586521282
1.850000000000001 0.3616669616441994
1.852000000000001 0.3680555996813775
1.854000000000001 0.3747598637144764
1.856000000000001 0.381790187019245
1.858000000000001 0.3891554883144327
1.860000000000001 0.3968632953639062
1.862000000000001 0.4049198505424961
1.864000000000001 0.4133301996848633
1.866000000000001 0.4220982653889545
1.868000000000001 0.4312269058093625
1.870000000000001 0.4407179598499578
1.872000000000001 0.4505722795485339
1.874000000000001 0.4607897503378803
1.876000000000001 0.4713692997668849
1.878000000000001 0.48230889517106
1.880000000000001 0.4936055306936445
1.882000000000001 0.5052552039753335
1.884000000000001 0.5172528827522516
1.886000000000001 0.5295924615272471
1.888000000000001 0.5422667084085189
1.890000000000001 0.555267202141398
1.892000000000001 0.568584259293328
1.894000000000001 0.5822011964387823
1.896000000000001 0.5961168917426215
1.898000000000001 0.6103116478258392
1.900000000000001 0.6247698025743841
1.902000000000001 0.639473914123155
1.904000000000001 0.6544046246306419
1.906000000000001 0.6695405121967927
1.908000000000001 0.6848579303939166
1.910000000000001 0.7003308348179876
1.912000000000001 0.7159305960038451
1.914000000000001 0.7316257979821581
1.916000000000001 0.7473820216883091
1.918000000000001 0.7631616123632115
1.920000000000001 0.7789234300131574
1.922000000000001 0.7946225819198353
1.924000000000001 0.8102101361120894
1.926000000000001 0.8256328146277959
1.928000000000001 0.8408326653066865
1.930000000000001 0.8557467107629196
1.932000000000001 0.8703065730891391
1.934000000000001 0.8844380727413811
1.936000000000001 0.8980607999459003
1.938000000000001 0.9110876568545181
1.940000000000001 0.9234243685538217
1.942000000000001 0.9349689609050421
1.944000000000001 0.9456112030551991
1.946000000000001 0.9552320123154983
1.948000000000001 0.9637028189495155
1.950000000000001 0.9708848882506994
1.952000000000001 0.9766285971155935
1.954000000000001 0.9807726621351648
1.956000000000001 0.9831433160310824
1.958000000000001 0.983553429055848
1.960000000000001 0.9818015717546243
1.962000000000001 0.9776710152514867
1.964000000000001 0.9709286649727784
1.966000000000001 0.9613239234542584
1.968000000000001 0.9485874775958099
1.970000000000001 0.932430005426466
1.972000000000001 0.9125407971222983
1.974000000000001 0.888586284679005
1.976000000000001 0.8602084742785939
1.978000000000001 0.827023275003853
1.980000000000001 0.7886187171440127
1.982000000000001 0.7445530528983868
1.984000000000001 0.6943527318202815
1.986000000000001 0.6375102428492117
1.988000000000001 0.5734818142536421
1.990000000000001 0.5016849622469338
1.992000000000001 0.4214958784439928
1.994000000000001 0.3322466456927385
1.996000000000001 0.2332222711407684
1.998000000000001 0.1236575246807672
2.000000000000001 0.002733570155640088
