1 0.01492069681887306
1.002 0.3116512908865727
1.004 0.5374232384776401
1.006 0.7392454652885924
1.008 0.9191802103276764
1.01 1.079120395319254
1.012 1.220803616461857
1.014 1.345824959492139
1.016 1.455648738848712
1.018 1.551619252892004
1.02 1.634970639085028
1.022 1.706835905702378
1.024 1.768255209947232
1.026 1.820183446259188
1.028 1.86349720303602
1.03 1.899001140921415
1.032 1.927433841184164
1.034 1.949473168491954
1.036 1.965741188528452
1.038 1.976808677382412
1.04 1.983199256421959
1.042 1.985393183428506
1.044 1.983830828077825
1.046 1.978915857397862
1.048 1.971018154583306
1.05 1.960476492486432
1.052 1.947600981215492
1.054 1.932675307539846
1.056 1.915958782210808
1.058 1.897688209845797
1.06 1.878079594678691
1.062 1.857329694240239
1.064 1.835617431889164
1.066 1.813105178057541
1.068 1.789939909095193
1.07 1.766254251688757
1.072 1.742167419985256
1.074 1.71778605176015
1.076 1.693204949230251
1.078 1.668507729416689
1.08 1.643767388306912
1.082 1.619046782442736
1.084 1.594399030968929
1.086 1.56986784060936
1.088 1.54548775549138
1.09 1.521284333209688
1.092 1.497274248004893
1.094 1.473465321425744
1.096 1.449856480343881
1.098 1.426437641692899
1.1 1.403189522805991
1.102 1.380083375725275
1.104 1.357080643348028
1.106 1.334132534757056
1.108 1.311179516551241
1.11 1.288150716444763
1.112 1.26496323483608
1.114 1.24152135945742
1.116 1.217715677598592
1.118 1.193422079751975
1.12 1.168500647844907
1.122 1.142794420507446
1.124 1.116128027063801
1.126 1.0965680421274
1.128 1.084022792631462
1.13 1.070264546779031
1.132 1.055308812697649
1.134 1.039148112369066
1.136 1.021752204161188
1.138 1.00306811621774
1.14 0.9830199941832813
1.142 0.9615087653909877
1.144 0.9491817336230233
1.146 0.9433416248870515
1.148 0.9360205835029506
1.15 0.927305422180192
1.152 0.917259425333564
1.154 0.9059232405703664
1.156 0.8933155848275157
1.158 0.8794337734409713
1.16 0.8642540791329699
1.162 0.847731926678513
1.164 0.8298019278525218
1.166 0.8103777601546771
1.168 0.8039288344563833
1.17 0.803203749249587
1.172 0.801051715690266
1.174 0.7975877680597946
1.176 0.7929067624500633
1.178 0.7870844162023793
1.18 0.7801781996264265
1.182 0.7722280882554037
1.184 0.7632571829244562
1.186 0.7532722040529293
1.188 0.7422638656605609
1.19 0.7302071338476314
1.192 0.7170613737137714
1.194 0.7027703879746811
1.196 0.68726234985553
1.198 0.6704496321900622
1.2 0.6522285340311293
1.202 0.6584206373053881
1.204 0.6632084989481901
1.206 0.6667270402311992
1.208 0.6690946932851948
1.21 0.6704143880644495
1.212 0.6707744314445411
1.214 0.670249284920922
1.216 0.6689002467391016
1.218 0.666776043692024
1.22 0.6639133372624959
1.222 0.6603371482647499
1.224 0.6560612036462817
1.226 0.6510882086459094
1.228 0.645410047063793
1.23 0.6390079119812648
1.232 0.6318523688702998
1.234 0.623903352652005
1.236 0.6151100998983978
1.238 0.6054110170199941
1.24 0.5947334849412637
1.242 0.5829936004351771
1.244 0.57009585396485
1.246 0.5559327435632497
1.248 0.5403843239692502
1.25 0.5233176899285712
1.252 0.5362442828644516
1.254 0.5475992488355346
1.256 0.5574933990142233
1.258 0.566022914754059
1.26 0.573269898111197
1.262 0.5793028392867723
1.264 0.5841770036288516
1.266 0.5879347404138835
1.268 0.5906057152222689
1.27 0.5922070673289428
1.272 0.5927434931456652
1.274 0.5922072563752242
1.276 0.5905781251670873
1.278 0.5878232361974374
1.28 0.5838968852322389
1.282 0.5787402433683001
1.284 0.5722809977824983
1.286 0.566714934036607
1.288 0.5733928603196121
1.29 0.5786855154226869
1.292 0.5826685497465063
1.294 0.5854030470971527
1.296 0.5869361366363319
1.298 0.5873015159514219
1.3 0.5865198895997792
1.302 0.5845993269838459
1.304 0.5815355429446106
1.306 0.5773121040181032
1.308 0.5719005628802081
1.31 0.5652605231066866
1.312 0.5573396359956528
1.314 0.5480735308366608
1.316 0.5373856796620103
1.318 0.5251871971799335
1.32 0.5113765762642063
1.322 0.4958393590587248
1.324 0.4784477434469216
1.326 0.4590601243333216
1.328 0.4375205688861336
1.33 0.4136582245944864
1.332 0.3872866587001398
1.334 0.3776531324412978
1.336 0.404125784705071
1.338 0.4280046431157947
1.34 0.4495076587248958
1.342 0.4688353007861398
1.344 0.4861716799917503
1.346 0.5016855836049652
1.348 0.5155314279949527
1.35 0.5278501336539208
1.352 0.5387699273777554
1.354 0.5484070759184494
1.356 0.5568665550670695
1.358 0.5642426577981511
1.36 0.5706195447985305
1.362 0.5760717404141233
1.364 0.5806645767755464
1.366 0.5844545886063792
1.368 0.5874898609749503
1.37 0.5898103320205791
1.372 0.5914480524671009
1.374 0.5924274035291317
1.376 0.5927652746188987
1.378 0.5924712020725885
1.38 0.5915474699342096
1.382 0.5899891736609673
1.384 0.5877842474464149
1.386 0.5849134556953215
1.388 0.5813503490265735
1.39 0.577061185026834
1.392 0.5720048138273932
1.394 0.5661325284290614
1.396 0.5593878795544432
1.398 0.5517064546628564
1.4 0.5430156206200026
1.402 0.5541349050043527
1.404 0.5642451879090588
1.406 0.5734381889931432
1.408 0.581796869610834
1.41 0.5893959403912659
1.412 0.5963023252982526
1.414 0.602575584673438
1.416 0.6082682995688014
1.418 0.6134264194890526
1.42 0.6180895754900607
1.422 0.6222913604151975
1.424 0.6260595778966569
1.426 0.6294164616026033
1.428 0.6323788660728082
1.43 0.6349584303545371
1.432 0.6371617155263066
1.434 0.6389903170790914
1.436 0.6404409530121677
1.438 0.6415055283934719
1.44 0.6421711770316517
1.442 0.6424202808084738
1.444 0.6422304671254367
1.446 0.6415745848269747
1.448 0.6404206588740775
1.45 0.6387318239561574
1.452 0.6364662371451966
1.454 0.6335769696142695
1.456 0.6300118773621025
1.458 0.6257134508061507
1.46 0.620618643028325
1.462 0.6146586763798323
1.464 0.6077588270741615
1.466 0.5998381873199077
1.468 0.5908094044674707
1.47 0.5805783965655572
1.472 0.569044043644425
1.474 0.5560978539628425
1.476 0.5416236043743577
1.478 0.5254969538855514
1.48 0.5075850293941393
1.482 0.4877459825078388
1.484 0.4658285162555839
1.486 0.4416713804106273
1.488 0.4151028340501124
1.49 0.3859400738774524
1.492 0.3539886267321155
1.494 0.319041704605857
1.496 0.2808795203746637
1.498 0.2392685623416619
1.5 0.1939608255672367
1.502 0.2389909917357313
1.504 0.2802604597764571
1.506 0.3180326022674221
1.508 0.352553927577695
1.51 0.3840550906393191
1.512 0.412751839761291
1.514 0.4388459032722906
1.516 0.4625258195354773
1.518 0.4839677136500685
1.52 0.5033360239396228
1.522 0.5207841811250793
1.524 0.5364552428907935
1.526 0.5504824863732578
1.528 0.5629899609341803
1.53 0.5740930034213817
1.532 0.5838987179719469
1.534 0.5925064222715735
1.536 0.6000080620515459
1.538 0.606488595479687
1.54 0.6120263489834427
1.542 0.6166933459315499
1.544 0.6205556094949598
1.546 0.62367344090751
1.548 0.6261016742517782
1.55 0.6278899088053074
1.552 0.6290827198965258
1.554 0.6297198491379317
1.556 0.6298363748261011
1.558 0.6294628632235403
1.56 0.6286255013660179
1.562 0.6273462119705536
1.564000000000001 0.6256427509533952
1.566000000000001 0.6235287880038878
1.568000000000001 0.6210139705988464
1.570000000000001 0.6181039717827267
1.572000000000001 0.6148005219812314
1.574000000000001 0.6111014250599098
1.576000000000001 0.6070005587845074
1.578000000000001 0.6024878597861472
1.580000000000001 0.5975492930817026
1.582000000000001 0.5921668061477734
1.584000000000001 0.5863182674952766
1.586000000000001 0.5799773896407222
1.588000000000001 0.5731136363195505
1.590000000000001 0.5656921137362939
1.592000000000001 0.557673445595658
1.594000000000001 0.549013631607735
1.596000000000001 0.5396638891092866
1.598000000000001 0.5295704773912588
1.600000000000001 0.518674504270207
1.602000000000001 0.5242454181753939
1.604000000000001 0.5289987616327755
1.606000000000001 0.5329919822098833
1.608000000000001 0.5362768990811945
1.610000000000001 0.5388999751740028
1.612000000000001 0.5409025668166375
1.614000000000001 0.5423211520244055
1.616000000000001 0.5431875384761732
1.618000000000001 0.54352905215654
1.620000000000001 0.5433687075648038
1.622000000000001 0.5427253603221506
1.624000000000001 0.5416138429423617
1.626000000000001 0.5400450844686023
1.628000000000001 0.5380262146193455
1.630000000000001 0.5355606530298809
1.632000000000001 0.532648184122006
1.634000000000001 0.5292850180832034
1.636000000000001 0.5254638383876238
1.638000000000001 0.5211738362444056
1.640000000000001 0.5164007323140719
1.642000000000001 0.5111267859907701
1.644000000000001 0.5053307925068593
1.646000000000001 0.4989880680766147
1.648000000000001 0.4920704232574687
1.650000000000001 0.4845461246701975
1.652000000000001 0.476379845183508
1.654000000000001 0.4675326026336233
1.656000000000001 0.4579616871155215
1.658000000000001 0.4476205768493002
1.660000000000001 0.4364588425927253
1.662000000000001 0.4244220405391723
1.664000000000001 0.4114515936088305
1.666000000000001 0.3974846610101459
1.668000000000001 0.4020775119262453
1.670000000000001 0.4154247447344944
1.672000000000001 0.4277869147771802
1.674000000000001 0.4392324795515656
1.676000000000001 0.4498252256915041
1.678000000000001 0.4596244831585779
1.680000000000001 0.4686853247453815
1.682000000000001 0.4770587515150205
1.684000000000001 0.4847918647585538
1.686000000000001 0.4919280250117101
1.688000000000001 0.4985069986334758
1.690000000000001 0.5045650924120179
1.692000000000001 0.5101352766278446
1.694000000000001 0.5152472969698544
1.696000000000001 0.5199277756670296
1.698000000000001 0.5242003021668132
1.700000000000001 0.5280855136605886
1.702000000000001 0.5316011657270957
1.704000000000001 0.5347621933359827
1.706000000000001 0.5375807624258542
1.708000000000001 0.5400663122441792
1.710000000000001 0.5422255886100996
1.712000000000001 0.5440626682354521
1.714000000000001 0.5455789742142061
1.716000000000001 0.5467732827658458
1.718000000000001 0.5476417212940022
1.720000000000001 0.5481777577977573
1.722000000000001 0.5483721816494627
1.724000000000001 0.5482130757295797
1.726000000000001 0.5476857798858465
1.728000000000001 0.5467728456610347
1.730000000000001 0.5454539822105463
1.732000000000001 0.5437059933080814
1.734000000000001 0.5415027053145544
1.736000000000001 0.5388148859622394
1.738000000000001 0.535610153782778
1.740000000000001 0.5318528779841021
1.742000000000001 0.5275040685574633
1.744000000000001 0.522521256371558
1.746000000000001 0.5168583629861574
1.748000000000001 0.5104655598925962
1.750000000000001 0.5032891168629714
1.752000000000001 0.5150288710145835
1.754000000000001 0.525966080404166
1.756000000000001 0.5361497814668482
1.758000000000001 0.5456246213008326
1.760000000000001 0.5544310181367694
1.762000000000001 0.5626053073374112
1.764000000000001 0.5701798734211704
1.766000000000001 0.5771832685607198
1.768000000000001 0.5836403179668037
1.770000000000001 0.5895722125279057
1.772000000000001 0.5949965890381116
1.774000000000001 0.59992759830847
1.776000000000001 0.6043759614211131
1.778000000000001 0.6083490143503714
1.780000000000001 0.6118507411409325
1.782000000000001 0.6148817957997171
1.784000000000001 0.6174395130253881
1.786000000000001 0.6195179078673149
1.788000000000001 0.6211076643741389
1.790000000000001 0.6221961132609012
1.792000000000001 0.6227671985927673
1.794000000000001 0.6228014334527654
1.796000000000001 0.6222758445304343
1.798000000000001 0.6211639055379169
1.800000000000001 0.6194354593296238
1.802000000000001 0.6317532821487173
1.804000000000001 0.6434693212570572
1.806000000000001 0.6546388202214538
1.808000000000001 0.6653132526501933
1.810000000000001 0.6755405369448831
1.812000000000001 0.685365237800404
1.814000000000001 0.6948287551832156
1.816000000000001 0.7039695014756386
1.818000000000001 0.7128230674334401
1.820000000000001 0.7214223775659897
1.822000000000001 0.7297978355123296
1.824000000000001 0.7379774599525035
1.826000000000001 0.7459870115614282
1.828000000000001 0.7538501114822156
1.830000000000001 0.7615883517672143
1.832000000000001 0.7692213982078921
1.834000000000001 0.7767670859490556
1.836000000000001 0.7842415082586536
1.838000000000001 0.7916590988014262
1.840000000000001 0.7990327077429974
1.842000000000001 0.8063736719903869
1.844000000000001 0.8136918798554857
1.846000000000001 0.8209958304095746
1.848000000000001 0.8282926877794736
1.850000000000001 0.8355883306193521
1.852000000000001 0.842887396976479
1.854000000000001 0.8501933247542869
1.856000000000001 0.8575083879619444
1.858000000000001 0.8648337289261602
1.860000000000001 0.872169386628127
1.862000000000001 0.8795143213163742
1.864000000000001 0.8868664355346311
1.866000000000001 0.894222591692801
1.868000000000001 0.9015786262985758
1.870000000000001 0.9089293609571527
1.872000000000001 0.9162686102368931
1.874000000000001 0.9235891864895629
1.876000000000001 0.9308829017049568
1.878000000000001 0.9381405664712592
1.880000000000001 0.9453519861043715
1.882000000000001 0.952505954001593
1.884000000000001 0.9595902422675542
1.886000000000001 0.9665915896529894
1.888000000000001 0.9734956868399528
1.890000000000001 0.9802871591002541
1.892000000000001 0.9869495463473181
1.894000000000001 0.9934652805952354
1.896000000000001 0.9998156608325715
1.898000000000001 1.005980825312356
1.900000000000001 1.011939721253783
1.902000000000001 1.017670071945249
1.904000000000001 1.02314834123269
1.906000000000001 1.028349695371483
1.908000000000001 1.033247962214646
1.910000000000001 1.037815587704545
1.912000000000001 1.042023589629892
1.914000000000001 1.045841508604352
1.916000000000001 1.049237356217735
1.918000000000001 1.052177560305343
1.920000000000001 1.054626907275652
1.922000000000001 1.056548481431135
1.924000000000001 1.057903601211626
1.926000000000001 1.058651752284133
1.928000000000001 1.058750517397588
1.930000000000001 1.058155502915396
1.932000000000001 1.056820261933105
1.934000000000001 1.054696213882777
1.936000000000001 1.051732560519901
1.938000000000001 1.047876198182799
1.940000000000001 1.043071626208499
1.942000000000001 1.03726085138297
1.944000000000001 1.030383288297355
1.946000000000001 1.022375655475525
1.948000000000001 1.013171867131699
1.950000000000001 1.002702920410285
1.952000000000001 0.9908967779531754
1.954000000000001 0.9776782456327677
1.956000000000001 0.9629688452817363
1.958000000000001 0.9466866822431709
1.960000000000001 0.9287463075570731
1.962000000000001 0.909058574591341
1.964000000000001 0.887530489917283
1.966000000000001 0.8640650582213286
1.968000000000001 0.8385611210360722
1.970000000000001 0.8109131890648247
1.972000000000001 0.7810112678647469
1.974000000000001 0.7487406766441391
1.976000000000001 0.71398185991971
1.978000000000001 0.6766101917695377
1.980000000000001 0.6364957724069916
1.982000000000001 0.593503216790103
1.984000000000001 0.5474914349696836
1.986000000000001 0.4983134038679763
1.988000000000001 0.4458159301676494
1.990000000000001 0.3898394039785752
1.992000000000001 0.3302175429370746
1.994000000000001 0.2667771263790156
1.996000000000001 0.199337719214471
1.998000000000001 0.1277113851174347
2.000000000000001 0.05170238862942551
