1 0.1020902653502539
1.002 0.5663313171352887
1.004 0.7141114484801478
1.006 0.8522645944001426
1.008 0.9813239382570946
1.01 1.101794310509184
1.012 1.214153701917121
1.014 1.31885469227935
1.016 1.416325799422491
1.018 1.506972752894619
1.02 1.591179696547347
1.022 1.669310323945969
1.024 1.741708950315098
1.026 1.808701524508632
1.028 1.870596584287405
1.03 1.927686157994023
1.032 1.9802466155321
1.034 2.028539471385039
1.036 2.072812142247705
1.038 2.113298661691381
1.04 2.150220354138663
1.042 2.18378647028898
1.044 2.21419478600737
1.046 2.24163216656824
1.048 2.266275098031687
1.05 2.288290187422133
1.052 2.307834633277206
1.054 2.325056668038579
1.056 2.340095973665313
1.058 2.353084071764338
1.06 2.364144689450975
1.062 2.373394102075367
1.064 2.380941453877401
1.066 2.386889057563375
1.068 2.391332673731818
1.07 2.394361771013265
1.072 2.396059767729418
1.074 2.396504255820525
1.076 2.395767207735965
1.078 2.393915166931654
1.08 2.391009422568957
1.082 2.387106168962902
1.084 2.382256650282756
1.086 2.376507290965102
1.088 2.369899812258411
1.09 2.362471335278562
1.092 2.354254470916696
1.094 2.345277396904141
1.096 2.335563922303709
1.098 2.32513353966241
1.1 2.314001465027403
1.102 2.302178665994764
1.104 2.289671877929227
1.106 2.276483608462451
1.108 2.262612130347369
1.11 2.248051462716914
1.112 2.232791340766501
1.114 2.216817173851346
1.116 2.200109991961654
1.118 2.182646380511013
1.12 2.164398403345915
1.122 2.145333513856894
1.124 2.125414454044726
1.126 2.109682689416553
1.128 2.098114899587961
1.13 2.085637372041226
1.132 2.072257538446741
1.134 2.057977551325201
1.136 2.042794332594281
1.138 2.026699606721289
1.14 2.009679918787612
1.142 1.991716637728557
1.144 1.979412349086263
1.146 1.971108205831093
1.148 1.961863991338988
1.15 1.95170601457225
1.152 1.940655294736463
1.154 1.928727684416124
1.156 1.915933977105633
1.158 1.902279999652138
1.16 1.887766690082579
1.162 1.872390161244907
1.164 1.856141750652951
1.166 1.839008056885715
1.168 1.829938685630709
1.17 1.824457952934371
1.172 1.818120118339156
1.174 1.810959696903347
1.176 1.803006500731955
1.178 1.794285782149309
1.18 1.78481836343159
1.182 1.774620753615745
1.184 1.763705252864126
1.186 1.752080044829053
1.188 1.739749277427813
1.19 1.726713132406649
1.192 1.712967884041528
1.194 1.698505947294352
1.196 1.683315915715142
1.198 1.667382589353883
1.2 1.650686992920061
1.202 1.649156935737376
1.204 1.646865549319808
1.206 1.643849773408214
1.208 1.640142630776733
1.21 1.63577335610369
1.212 1.630767514421505
1.214 1.625147109546019
1.216 1.618930682859201
1.218 1.612133402793938
1.22 1.604767145345555
1.222 1.596840565911565
1.224 1.588359162739207
1.226 1.579325332239124
1.228 1.569738416403311
1.23 1.559594742546111
1.232 1.548887655568301
1.234 1.537607542926444
1.236 1.52574185247247
1.238 1.513275103311732
1.24 1.500188889811873
1.242 1.486461878879288
1.244 1.472069800605021
1.246 1.456985432367417
1.248 1.441178576464824
1.25 1.424616031337922
1.252 1.426730996615276
1.254 1.42806128237247
1.256 1.428631003743383
1.258 1.428460932461934
1.26 1.427568562712566
1.262 1.425968169307168
1.264 1.423670858371363
1.266 1.420684610706699
1.268 1.417014317979744
1.27 1.412661811873766
1.272 1.407625886323966
1.274 1.401902312942826
1.276 1.395483849728184
1.278 1.38836024313296
1.28 1.380518223562204
1.282 1.371941494350007
1.284 1.362610714256163
1.286 1.353908182296997
1.288 1.352838057552874
1.29 1.350982385045834
1.292 1.348357336458396
1.294 1.344975843145307
1.296 1.340847669039713
1.298 1.335979475990104
1.3 1.330374881770008
1.302 1.324034510985282
1.304 1.316956039087317
1.306 1.309134229684634
1.308 1.300560965330212
1.31 1.291225271947192
1.312 1.281113337041625
1.314 1.270208521837358
1.316 1.258491367455119
1.318 1.245939595245249
1.32 1.2325281013714
1.322 1.218228945730712
1.324 1.203011335284576
1.326 1.186841601863093
1.328 1.169683174495498
1.33 1.151496546308465
1.332 1.132239236023967
1.334 1.123837504703124
1.336 1.138232236714199
1.338 1.151522996549794
1.34 1.163765100646796
1.342 1.175010439675198
1.344 1.185307605949595
1.346 1.194702013573898
1.348 1.203236011605238
1.35 1.210948990507821
1.352 1.217877482153031
1.354 1.224055253608172
1.356 1.22951339494301
1.358 1.234280401270503
1.36 1.238382249225982
1.362 1.24184246807733
1.364 1.244682205647539
1.366 1.246920289220261
1.368 1.248573281588674
1.37 1.249655532398087
1.372 1.250179224923174
1.374 1.250154418411578
1.376 1.249589086116842
1.378 1.248489149135116
1.38 1.24685850615192
1.382 1.244699059197382
1.384 1.242010735500728
1.386 1.23879150552747
1.388 1.235037397275627
1.39 1.230742506900421
1.392 1.22589900573022
1.394 1.220497143730062
1.396 1.214525249462763
1.398 1.207969726591549
1.4 1.200815046962179
1.402 1.205897439729374
1.404 1.210376361009138
1.406 1.214274786462689
1.408 1.217613622341424
1.41 1.220411766682873
1.412 1.222686166431118
1.414 1.224451870622456
1.416 1.225722079769352
1.418 1.226508191568239
1.42 1.226819843049635
1.422 1.226664949282124
1.424 1.226049738735195
1.426 1.224978785399545
1.428 1.223455037757352
1.43 1.221479844689136
1.432 1.219052978398162
1.434 1.216172654427849
1.436 1.212835548842367
1.438 1.209036812635547
1.44 1.20477008342824
1.442 1.20002749450954
1.444 1.194799681272666
1.446 1.189075785091792
1.448 1.182843454681855
1.45 1.176088844979051
1.452 1.16879661357577
1.454 1.16094991473962
1.456 1.152530391042413
1.458 1.143518162621148
1.46 1.133891814089372
1.462 1.12362837911368
1.464 1.112703322666609
1.466 1.101090520963718
1.468 1.088762239089256
1.47 1.075689106311506
1.472 1.061840089085617
1.474 1.047182461738515
1.476 1.031681774827299
1.478 1.015301821159424
1.48 0.9980045994598071
1.482 0.9797502756670093
1.484 0.960497141837503
1.486 0.9402015726340931
1.488 0.9188179793714965
1.49 0.89629876158911
1.492 0.8725942561180117
1.494 0.8476526836062552
1.496 0.8214200924634988
1.498 0.7938403001831034
1.5 0.7648548319967738
1.502 0.7924143334867171
1.504 0.8185245250822769
1.506 0.843249949857268
1.508 0.8666522701997587
1.51 0.8887903726146698
1.512 0.9097204678875958
1.514 0.9294961867825788
1.516 0.9481686714389894
1.518 0.9657866626253503
1.52 0.9823965830009385
1.522 0.9980426165292765
1.524 1.012766784181144
1.526 1.026609016058531
1.528 1.039607220064988
1.53 1.051797347242078
1.532 1.063213453886113
1.534 1.073887760554055
1.536 1.083850708062332
1.538 1.093131010577447
1.54 1.101755705892443
1.542 1.109750202978815
1.544 1.117138326899013
1.546 1.123942361160451
1.548 1.130183087587884
1.55 1.135879823787038
1.552 1.141050458268624
1.554 1.145711483298147
1.556 1.149878025533438
1.558 1.15356387450837
1.56 1.156781509017918
1.562 1.159542121456561
1.564000000000001 1.161855640158853
1.566000000000001 1.163730749788078
1.568000000000001 1.165174909815919
1.570000000000001 1.166194371133288
1.572000000000001 1.166794190829759
1.574000000000001 1.166978245176298
1.576000000000001 1.166749240843515
1.578000000000001 1.166108724385064
1.580000000000001 1.165057090013415
1.582000000000001 1.163593585692837
1.584000000000001 1.161716317572092
1.586000000000001 1.159422252777103
1.588000000000001 1.156707220581621
1.590000000000001 1.153565911971761
1.592000000000001 1.14999187761816
1.594000000000001 1.145977524267442
1.596000000000001 1.141514109562626
1.598000000000001 1.136591735300129
1.600000000000001 1.131199339129041
1.602000000000001 1.135986339905566
1.604000000000001 1.14030004870246
1.606000000000001 1.14415680703365
1.608000000000001 1.147571692897791
1.610000000000001 1.150558554547601
1.612000000000001 1.153130042293916
1.614000000000001 1.155297638406618
1.616000000000001 1.157071685171616
1.618000000000001 1.158461411160203
1.620000000000001 1.159474955764324
1.622000000000001 1.160119392048658
1.624000000000001 1.160400747967816
1.626000000000001 1.160324025994518
1.628000000000001 1.159893221202202
1.630000000000001 1.159111337843213
1.632000000000001 1.157980404461478
1.634000000000001 1.156501487576491
1.636000000000001 1.154674703973258
1.638000000000001 1.152499231630921
1.640000000000001 1.1499733193208
1.642000000000001 1.147094294902729
1.644000000000001 1.143858572346726
1.646000000000001 1.140261657505303
1.648000000000001 1.136298152659977
1.650000000000001 1.131961759863923
1.652000000000001 1.127245283101088
1.654000000000001 1.12214062928051
1.656000000000001 1.116638808083098
1.658000000000001 1.110729930676644
1.660000000000001 1.10440320731339
1.662000000000001 1.097646943823122
1.664000000000001 1.090448537013323
1.666000000000001 1.082794468986692
1.668000000000001 1.086747155127093
1.670000000000001 1.096263719817613
1.672000000000001 1.105322649734438
1.674000000000001 1.113941516297838
1.676000000000001 1.122136868653348
1.678000000000001 1.129924258857996
1.680000000000001 1.13731826571073
1.682000000000001 1.144332517262816
1.684000000000001 1.150979712042279
1.686000000000001 1.157271639024818
1.688000000000001 1.163219196382026
1.690000000000001 1.168832409036185
1.692000000000001 1.174120445049406
1.694000000000001 1.179091630873423
1.696000000000001 1.183753465484925
1.698000000000001 1.188112633429943
1.700000000000001 1.192175016799428
1.702000000000001 1.195945706156896
1.704000000000001 1.199429010437724
1.706000000000001 1.202628465838424
1.708000000000001 1.20554684371304
1.710000000000001 1.208186157492628
1.712000000000001 1.210547668642612
1.714000000000001 1.212631891671706
1.716000000000001 1.214438598204995
1.718000000000001 1.215966820132663
1.720000000000001 1.217214851844843
1.722000000000001 1.218180251562024
1.724000000000001 1.218859841769411
1.726000000000001 1.219249708762679
1.728000000000001 1.219345201311595
1.730000000000001 1.219140928446967
1.732000000000001 1.218630756375518
1.734000000000001 1.217807804526295
1.736000000000001 1.216664440731346
1.738000000000001 1.215192275542475
1.740000000000001 1.213382155685013
1.742000000000001 1.211224156648674
1.744000000000001 1.208707574414642
1.746000000000001 1.205820916317267
1.748000000000001 1.202551891037797
1.750000000000001 1.198887397726821
1.752000000000001 1.206968392653552
1.754000000000001 1.214643169149755
1.756000000000001 1.221923004106098
1.758000000000001 1.228818259103674
1.760000000000001 1.235338398131765
1.762000000000001 1.241492004132742
1.764000000000001 1.247286794400321
1.766000000000001 1.252729634856024
1.768000000000001 1.257826553227301
1.770000000000001 1.262582751149451
1.772000000000001 1.267002615212206
1.774000000000001 1.271089726970555
1.776000000000001 1.274846871938172
1.778000000000001 1.278276047580634
1.780000000000001 1.281378470324399
1.782000000000001 1.28415458159642
1.784000000000001 1.286604052908131
1.786000000000001 1.288725789996446
1.788000000000001 1.290517936033357
1.790000000000001 1.291977873914665
1.792000000000001 1.293102227637343
1.794000000000001 1.293886862774035
1.796000000000001 1.294326886052203
1.798000000000001 1.294416644044447
1.800000000000001 1.294149720975602
1.802000000000001 1.302559608500363
1.804000000000001 1.310613750970511
1.806000000000001 1.318325962155343
1.808000000000001 1.325709240948711
1.810000000000001 1.332775795977037
1.812000000000001 1.33953706911084
1.814000000000001 1.346003757916275
1.816000000000001 1.352185837081763
1.818000000000001 1.358092578853372
1.820000000000001 1.363732572511276
1.822000000000001 1.36911374291834
1.824000000000001 1.374243368170611
1.826000000000001 1.379128096378298
1.828000000000001 1.383773961604681
1.830000000000001 1.388186398989221
1.832000000000001 1.392370259080129
1.834000000000001 1.396329821400537
1.836000000000001 1.400068807271467
1.838000000000001 1.403590391913777
1.840000000000001 1.406897215850347
1.842000000000001 1.409991395628848
1.844000000000001 1.412874533884588
1.846000000000001 1.415547728762018
1.848000000000001 1.418011582712758
1.850000000000001 1.42026621068711
1.852000000000001 1.422311247735342
1.854000000000001 1.424145856034232
1.856000000000001 1.425768731353695
1.858000000000001 1.427178108977562
1.860000000000001 1.428371769091973
1.862000000000001 1.429347041654167
1.864000000000001 1.430100810753803
1.866000000000001 1.430629518478404
1.868000000000001 1.430929168293846
1.870000000000001 1.430995327950307
1.872000000000001 1.430823131923508
1.874000000000001 1.430407283400544
1.876000000000001 1.429742055819092
1.878000000000001 1.428821293968271
1.880000000000001 1.427638414658924
1.882000000000001 1.426186406970659
1.884000000000001 1.424457832082469
1.886000000000001 1.422444822693345
1.888000000000001 1.420139082038826
1.890000000000001 1.417531882509025
1.892000000000001 1.414614063873255
1.894000000000001 1.41137603111595
1.896000000000001 1.407807751888221
1.898000000000001 1.403898753578969
1.900000000000001 1.399638120009114
1.902000000000001 1.395014487752158
1.904000000000001 1.390016042083884
1.906000000000001 1.384630512563707
1.908000000000001 1.378845168249819
1.910000000000001 1.37264681254992
1.912000000000001 1.366021777709054
1.914000000000001 1.358955918935681
1.916000000000001 1.35143460816685
1.918000000000001 1.343442727473004
1.920000000000001 1.33496466210267
1.922000000000001 1.325984293166934
1.924000000000001 1.316484989963383
1.926000000000001 1.306449601938842
1.928000000000001 1.29586045028998
1.930000000000001 1.284699319200582
1.932000000000001 1.272947446713972
1.934000000000001 1.260585515238846
1.936000000000001 1.24759364168647
1.938000000000001 1.23395136723693
1.940000000000001 1.219637646731873
1.942000000000001 1.204630837690908
1.944000000000001 1.188908688948554
1.946000000000001 1.172448328908409
1.948000000000001 1.155226253410897
1.950000000000001 1.137218313210752
1.952000000000001 1.118399701060086
1.954000000000001 1.098744938392701
1.956000000000001 1.078227861604973
1.958000000000001 1.056821607928456
1.960000000000001 1.034498600889056
1.962000000000001 1.011230535347375
1.964000000000001 0.9869883621146319
1.966000000000001 0.9617422721381859
1.968000000000001 0.9354616802506005
1.970000000000001 0.9081152084757957
1.972000000000001 0.8796706688856626
1.974000000000001 0.8500950460002061
1.976000000000001 0.8193544787240823
1.978000000000001 0.78741424181208
1.980000000000001 0.754238726855886
1.982000000000001 0.7197914227841861
1.984000000000001 0.6840348958678888
1.986000000000001 0.6469307692220209
1.988000000000001 0.6084397017955513
1.990000000000001 0.5685213668401347
1.992000000000001 0.5271344298485146
1.994000000000001 0.4842365259530289
1.996000000000001 0.4397842367743935
1.998000000000001 0.3937330667106701
2.000000000000001 0.3460374186560499
