60 2.048246106326595
61.88 2.01295557226645
63.76000000000001 1.979088784416363
65.64 1.946551737091345
67.52 1.915259071185262
69.39999999999999 1.885133062748849
71.27999999999999 1.856102753865514
73.15999999999998 1.828103202611417
75.03999999999998 1.801074833166534
76.91999999999997 1.774962870548224
78.79999999999997 1.749716847163879
80.67999999999996 1.72529017057315
82.55999999999996 1.701639743626316
84.43999999999996 1.67872562959081
86.31999999999995 1.656510756060206
88.19999999999995 1.634960652411626
90.07999999999994 1.614043216379742
91.95999999999994 1.593728505980712
93.83999999999993 1.57398855357339
95.71999999999993 1.554797199308047
97.59999999999992 1.536129941601578
99.47999999999992 1.517963802605312
101.3599999999999 1.5002772069083
103.2399999999999 1.48304987195343
105.1199999999999 1.466262708843403
106.9999999999999 1.449897732383887
108.8799999999999 1.433937979357021
110.7599999999999 1.418367434143604
112.6399999999999 1.40317096092006
114.5199999999999 1.38833424174933
116.3999999999999 1.373843719965281
118.2799999999999 1.359686548320135
120.1599999999999 1.345850541425091
122.0399999999999 1.332324132067319
123.9199999999999 1.319096331032714
125.7999999999999 1.30615669010433
127.6799999999999 1.293495267941966
129.5599999999999 1.281102598579543
131.4399999999999 1.268969662304563
133.3199999999999 1.257087858708125
135.1999999999998 1.245448981715518
137.0799999999998 1.234045196426446
138.9599999999998 1.222869017610797
140.8399999999998 1.211913289720946
142.7199999999998 1.201171168294888
144.5999999999998 1.19063610263649
146.4799999999998 1.180301819669757
148.3599999999998 1.170162308873574
150.2399999999998 1.160211808211912
152.1199999999998 1.150444790982159
153.9999999999998 1.14085595351112
155.8799999999998 1.13144020363443
157.7599999999998 1.122192649900724
159.6399999999998 1.11310859144691
161.5199999999998 1.104183508495487
163.3999999999998 1.095413053428931
165.2799999999998 1.086793042399934
167.1599999999998 1.078319447439612
169.0399999999998 1.069988389028937
170.9199999999998 1.061796129101364
172.7999999999998 1.053739064447206
174.6799999999998 1.045813720492613
176.5599999999997 1.038016745428099
178.4399999999997 1.03034490466351
180.3199999999997 1.022795075588054
182.1999999999997 1.01536424261564
184.0799999999997 1.008049492497241
185.9599999999997 1.00084800988333
187.8399999999997 0.9937570731206773
189.7199999999997 0.986774050268946
191.5999999999997 0.9798963953235478
193.4799999999997 0.9731216446321682
195.3599999999997 0.9664474134932872
197.2399999999997 0.959871392925797
199.1199999999997 0.953391346599586
200.9999999999997 0.9470051079176376
202.8799999999997 0.9407105772408434
204.7599999999997 0.9345057192473024
206.6399999999997 0.9283885604184295
208.5199999999997 0.9223571866447082
210.3999999999997 0.9164097409443729
212.2799999999997 0.9105444212887479
214.1599999999997 0.9047594785283757
216.0399999999997 0.8990532144144234
217.9199999999996 0.8934239797102139
219.7999999999996 0.8878701723880551
221.6799999999996 0.8823902359068074
223.5599999999996 0.8769826575659608
225.4399999999996 0.8716459669321883
227.3199999999996 0.8663787343346386
229.1999999999996 0.8611795694254153
231.0799999999996 0.8560471198019308
232.9599999999996 0.8509800696879828
234.8399999999996 0.8459771386706302
236.7199999999996 0.8410370804900548
238.5999999999996 0.8361586818798274
240.4799999999996 0.8313407614550756
242.3599999999996 0.8265821686462335
244.2399999999996 0.8218817826761809
246.1199999999996 0.8172385115786748
247.9999999999996 0.8126512912561192
249.8799999999996 0.8081190845748254
251.7599999999996 0.80364088049598
253.6399999999996 0.7992156932406893
255.5199999999996 0.7948425614875051
257.3999999999996 0.7905205476009582
259.2799999999996 0.7862487368896754
261.1599999999996 0.7820262368927524
263.0399999999996 0.7778521766931168
264.9199999999996 0.773725706256669
266.7999999999996 0.7696459957960706
268.6799999999996 0.7656122351580924
270.5599999999995 0.7616236332334995
272.4399999999995 0.7576794173884891
274.3199999999995 0.7537788329167634
276.1999999999995 0.749921142511348
278.0799999999995 0.7461056257553214
279.9599999999995 0.7423315786306582
281.8399999999995 0.7385983130444282
283.7199999999995 0.7349051563716218
285.5999999999995 0.7312514510139312
287.4799999999995 0.7276365539738086
289.3599999999995 0.7240598364432018
291.2399999999995 0.7205206834063542
293.1199999999995 0.7170184932561136
294.9999999999995 0.7135526774232001
296.8799999999995 0.71012266001793
298.7599999999995 0.7067278774838881
300.6399999999995 0.7033677782630909
302.5199999999995 0.7000418224721862
304.3999999999995 0.6967494815892649
306.2799999999995 0.6934902381508676
308.1599999999995 0.6902635854588065
310.0399999999995 0.6870690272964194
311.9199999999994 0.6839060776539027
313.7999999999994 0.6807742604623781
315.6799999999994 0.6776731093363747
317.5599999999994 0.6746021673244005
319.4399999999994 0.6715609866673125
321.3199999999994 0.6685491285641985
323.1999999999994 0.6655661629454915
325.0799999999994 0.6626116682530572
326.9599999999994 0.6596852312270016
328.8399999999994 0.6567864466989539
330.7199999999994 0.6539149173916007
332.5999999999994 0.6510702537242399
334.4799999999994 0.6482520736241499
336.3599999999994 0.6454600023435612
338.2399999999994 0.642693672282044
340.1199999999994 0.639952722814115
341.9999999999994 0.6372368001218863
343.8799999999994 0.6345455570325848
345.7599999999994 0.6318786528607716
347.6399999999994 0.6292357532551045
349.5199999999994 0.6266165300494876
351.3999999999994 0.6240206611184606
353.2799999999993 0.6214478302366885
355.1599999999993 0.6188977269424094
357.0399999999993 0.6163700464047163
358.9199999999993 0.6138644892945386
360.7999999999993 0.6113807616592096
362.6799999999993 0.6089185748004952
364.5599999999993 0.6064776451559817
366.4399999999993 0.6040576941836979
368.3199999999993 0.6016584482498877
370.1999999999993 0.5992796385198152
372.0799999999993 0.5969210008515133
373.9599999999993 0.5945822756923856
375.8399999999993 0.5922632079785635
377.7199999999993 0.5899635470369361
379.5999999999993 0.5876830464897759
381.4799999999993 0.585421464161864
383.3599999999993 0.5831785619900549
385.2399999999993 0.5809541059351917
387.1199999999993 0.5787478658963117
388.9999999999993 0.5765596156270603
390.8799999999993 0.5743891326542577
392.7599999999993 0.5722361981985465
394.6399999999992 0.5701005970970571
396.5199999999992 0.567982117728036
398.3999999999992 0.5658805519373744
400.2799999999992 0.5637956949669805
402.1599999999992 0.561727345384943
404.0399999999992 0.5596753050174332
405.9199999999992 0.5576393788822931
407.7999999999992 0.5556193751242615
409.6799999999992 0.5536151049517912
411.5599999999992 0.5516263825754101
413.4399999999992 0.5496530251475821
415.3199999999992 0.5476948527040281
417.1999999999992 0.5457516881064567
419.0799999999992 0.5438233569866793
420.9599999999992 0.5419096876920526
422.8399999999992 0.5400105112322285
424.7199999999992 0.5381256612271608
426.5999999999992 0.5362549738563439
428.4799999999992 0.5343982878092439
430.3599999999992 0.5325554442368875
432.2399999999992 0.530726286704584
434.1199999999992 0.5289106611457426
435.9999999999991 0.5271084158167608
437.8799999999991 0.5253194012529455
439.7599999999991 0.5235434702254516
441.6399999999991 0.5217804776991993
443.5199999999991 0.5200302807917517
445.3999999999991 0.5182927387331235
447.2799999999991 0.5165677128264949
449.1599999999991 0.5148550664098095
451.0399999999991 0.5131546648182334
452.9199999999991 0.5114663753474467
454.7999999999991 0.5097900672177543
456.6799999999991 0.5081256115389908
458.5599999999991 0.5064728812761948
460.4399999999991 0.504831751216038
462.3199999999991 0.5032020979339894
464.1999999999991 0.501583799762194
466.0799999999991 0.4999767367580474
467.9599999999991 0.4983807906734499
469.8399999999991 0.496795844924721
471.7199999999991 0.4952217845631615
473.5999999999991 0.4936584962462414
475.4799999999991 0.492105868209405
477.359999999999 0.490563790238467
479.239999999999 0.4890321536425992
481.119999999999 0.4875108512278801
482.999999999999 0.4859997772714008
484.879999999999 0.4844988274959107
486.759999999999 0.4830078990449941
488.639999999999 0.4815268904587554
490.519999999999 0.4800557016500115
492.399999999999 0.4785942338809728
494.279999999999 0.4771423897403998
496.159999999999 0.4757000731212309
498.039999999999 0.4742671891986612
499.919999999999 0.4728436444086679
501.799999999999 0.4714293464269704
503.679999999999 0.4700242041484112
505.559999999999 0.4686281276667553
507.439999999999 0.4672410282548868
509.319999999999 0.465862818345408
511.199999999999 0.4644934115116157
513.079999999999 0.4631327224488594
514.959999999999 0.4617806669562645
516.839999999999 0.4604371619188173
518.719999999999 0.459102125289796
520.599999999999 0.4577754760735474
522.479999999999 0.4564571343085996
524.359999999999 0.4551470210511011
526.239999999999 0.4538450583585755
528.119999999999 0.4525511692739969
529.999999999999 0.4512652778101637
531.879999999999 0.4499873089343736
533.759999999999 0.448717188553392
535.639999999999 0.4474548434987029
537.519999999999 0.4462002015120421
539.399999999999 0.4449531912312003
541.2799999999989 0.4437137421760938
543.1599999999989 0.4424817847350987
545.0399999999989 0.441257250151637
546.9199999999989 0.440040070511014
548.7999999999989 0.4388301787274992
550.6799999999989 0.4376275085316475
552.5599999999989 0.4364319944578507
554.4399999999989 0.4352435718321255
556.3199999999989 0.4340621767601113
558.1999999999989 0.4328877461153047
560.0799999999989 0.4317202175274917
561.9599999999989 0.4305595293714014
563.8399999999989 0.4294056207555595
565.7199999999989 0.4282584315113398
567.5999999999989 0.4271179021822234
569.4799999999989 0.4259839740132367
571.3599999999989 0.4248565889405874
573.2399999999989 0.4237356895814815
575.1199999999989 0.4226212192241202
576.9999999999989 0.4215131218178783
578.8799999999989 0.4204113419636481
580.7599999999989 0.41931582490436
582.6399999999988 0.4182265165156658
584.5199999999988 0.4171433632967861
586.3999999999988 0.4160663123615171
588.2799999999988 0.4149953114293907
590.1599999999988 0.4139303088169931
592.0399999999988 0.4128712534294283
593.9199999999988 0.4118180947519299
595.7999999999988 0.4107707828416211
597.6799999999988 0.4097292683194055
599.5599999999988 0.4086935023620082
601.4399999999988 0.4076634366941439
603.3199999999988 0.4066390235808206
605.1999999999988 0.4056202158197758
607.0799999999988 0.4046069667340331
608.9599999999988 0.4035992301645921
610.8399999999988 0.4025969604632363
612.7199999999988 0.40160011248546
614.5999999999988 0.4006086415835205
616.4799999999988 0.3996225035995907
618.3599999999988 0.3986416548590461
620.2399999999988 0.3976660521638423
622.1199999999988 0.3966956527860135
623.9999999999987 0.3957304144612772
625.8799999999987 0.3947702953827354
627.7599999999987 0.3938152541946912
629.6399999999987 0.3928652499865525
631.5199999999987 0.3919202422868478
633.3999999999987 0.3909801910573266
635.2799999999987 0.390045056687165
637.1599999999987 0.38911479998726
639.0399999999987 0.3881893821846137
640.9199999999987 0.3872687649168118
642.7999999999987 0.3863529102265864
644.6799999999987 0.385441780556469
646.5599999999987 0.3845353387435252
648.4399999999987 0.3836335480141731
650.3199999999987 0.3827363719790867
652.1999999999987 0.3818437746281754
654.0799999999987 0.3809557203256438
655.9599999999987 0.3800721738051327
657.8399999999987 0.3791931001649275
659.7199999999987 0.3783184648632507
661.5999999999987 0.3774482337136195
663.4799999999987 0.3765823728802824
665.3599999999986 0.3757208488737213
667.2399999999986 0.3748636285462228
669.1199999999986 0.3740106790875222
670.9999999999986 0.373161968020509
672.8799999999986 0.372317463197002
674.7599999999986 0.371477132793587
676.6399999999986 0.3706409453075156
678.5199999999986 0.3698088695526722
680.3999999999986 0.3689808746555959
682.2799999999986 0.3681569300515659
684.1599999999986 0.3673370054807453
686.0399999999986 0.3665210709843799
687.9199999999986 0.3657090969010598
689.7999999999986 0.3649010538630314
691.6799999999986 0.3640969127925657
693.5599999999986 0.3632966448983824
695.4399999999986 0.3625002216721259
697.3199999999986 0.3617076148848926
699.1999999999986 0.3609187965838091
701.0799999999986 0.3601337390886641
702.9599999999986 0.3593524149885846
704.8399999999986 0.3585747971387646
706.7199999999985 0.357800858657242
708.5999999999985 0.3570305729217171
710.4799999999985 0.3562639135664236
712.3599999999985 0.3555008544790426
714.2399999999985 0.3547413697976577
716.1199999999985 0.3539854339077619
717.9999999999985 0.3532330214392989
719.8799999999985 0.3524841072637516
721.7599999999985 0.351738666491273
723.6399999999985 0.3509966744678543
725.5199999999985 0.3502581067725383
727.3999999999985 0.3495229392146655
729.2799999999985 0.3487911478311669
731.1599999999985 0.3480627088838896
733.0399999999985 0.3473375988569619
734.9199999999985 0.3466157944541975
736.7999999999985 0.3458972725965298
738.6799999999985 0.3451820104194915
740.5599999999985 0.3444699852707223
742.4399999999985 0.3437611747075101
744.3199999999985 0.3430555564943765
746.1999999999985 0.342353108600681
748.0799999999984 0.3416538091982733
749.9599999999984 0.3409576366591666
751.8399999999984 0.3402645695532478
753.7199999999984 0.3395745866460205
755.5999999999984 0.3388876668963745
757.4799999999984 0.3382037894543911
759.3599999999984 0.3375229336591735
761.2399999999984 0.336845079036709
763.1199999999984 0.3361702052977605
764.9999999999984 0.3354982923357854
766.8799999999984 0.3348293202248859
768.7599999999984 0.3341632692177797
770.6399999999984 0.3335001197438064
772.5199999999984 0.3328398524069554
774.3999999999984 0.3321824479839209
776.2799999999984 0.3315278874221863
778.1599999999984 0.3308761518381286
780.0399999999984 0.3302272225151516
781.9199999999984 0.3295810809018439
783.7999999999984 0.32893770861016
785.6799999999984 0.3282970874136271
787.5599999999984 0.3276591992455719
789.4399999999983 0.3270240261973756
791.3199999999983 0.3263915505167475
793.1999999999983 0.3257617546060241
795.0799999999983 0.325134621020491
796.9599999999983 0.3245101324667201
798.8399999999983 0.3238882718009396
800.7199999999983 0.3232690220274141
802.5999999999983 0.3226523662968526
804.4799999999983 0.322038287904836
806.3599999999983 0.3214267702902598
808.2399999999983 0.3208177970338064
810.1199999999983 0.3202113518564257
811.9999999999983 0.3196074186178459
813.8799999999983 0.3190059813150954
815.7599999999983 0.3184070240810464
817.6399999999983 0.3178105311829799
819.5199999999983 0.3172164870211618
821.3999999999983 0.3166248761274454
823.2799999999983 0.316035683163885
825.1599999999983 0.3154488929213697
827.0399999999983 0.3148644903182762
828.9199999999983 0.3142824603991335
830.7999999999982 0.3137027883333096
832.6799999999982 0.3131254594137118
834.5599999999982 0.3125504590555025
836.4399999999982 0.311977772794835
838.3199999999982 0.3114073862875987
840.1999999999982 0.3108392853081865
842.0799999999982 0.3102734557482727
843.9599999999982 0.3097098836156077
845.8399999999982 0.3091485550328294
847.7199999999982 0.3085894562362839
849.5999999999982 0.3080325735748675
851.4799999999982 0.3074778935088778
853.3599999999982 0.3069254026088793
855.2399999999982 0.3063750875545881
857.1199999999982 0.3058269351337598
858.9999999999982 0.3052809322411046
860.8799999999982 0.3047370658772021
862.7599999999982 0.3041953231474384
864.6399999999982 0.3036556912609527
866.5199999999982 0.3031181575295941
868.3999999999982 0.3025827093668983
870.2799999999982 0.302049334287068
872.1599999999981 0.3015180199039711
874.0399999999981 0.3009887539301491
875.9199999999981 0.3004615241758363
877.7999999999981 0.2999363185479942
879.6799999999981 0.2994131250493524
881.5599999999981 0.2988919317774644
883.4399999999981 0.2983727269237736
885.3199999999981 0.2978554987726906
887.1999999999981 0.2973402357006809
889.0799999999981 0.2968269261753633
890.9599999999981 0.2963155587546186
892.8399999999981 0.2958061220857103
894.7199999999981 0.2952986049044138
896.5999999999981 0.2947929960341567
898.4799999999981 0.2942892843851688
900.3599999999981 0.2937874589536414
902.2399999999981 0.293287508820898
904.1199999999981 0.2927894231525726
905.9999999999981 0.2922931911978008
907.8799999999981 0.2917988022884132
909.7599999999981 0.2913062458381481
911.6399999999981 0.2908155113418638
913.519999999998 0.2903265883747664
915.399999999998 0.2898394665916439
917.279999999998 0.289354135726107
919.159999999998 0.288870585589844
921.039999999998 0.2883888060718783
922.919999999998 0.2879087871378386
924.799999999998 0.2874305188292359
926.679999999998 0.2869539912627451
928.559999999998 0.2864791946295038
930.439999999998 0.286006119194408
932.319999999998 0.2855347552954246
934.199999999998 0.2850650933429071
936.079999999998 0.2845971238189172
937.959999999998 0.284130837276562
939.839999999998 0.2836662243393282
941.719999999998 0.2832032757004321
943.599999999998 0.2827419821221724
945.479999999998 0.2822823344352899
947.359999999998 0.2818243235383392
949.239999999998 0.2813679403970599
951.119999999998 0.2809131760437613
952.999999999998 0.2804600215767113
954.8799999999979 0.2800084681595293
956.7599999999979 0.2795585070205924
958.6399999999979 0.2791101294524403
960.5199999999979 0.2786633268111937
962.3999999999979 0.2782180905159741
964.2799999999979 0.2777744120483314
966.1599999999979 0.2773322829516804
968.0399999999979 0.2768916948307375
969.9199999999979 0.276452639350971
971.7999999999979 0.2760151082380505
973.6799999999979 0.2755790932773054
975.5599999999979 0.2751445863131918
977.4399999999979 0.2747115792487573
979.3199999999979 0.2742800640451221
981.1999999999979 0.2738500327209563
983.0799999999979 0.2734214773519677
984.9599999999979 0.2729943900703956
986.8399999999979 0.2725687630645038
988.7199999999979 0.2721445885780899
990.5999999999979 0.2717218589099887
992.4799999999979 0.2713005664135871
994.3599999999979 0.2708807034963438
996.2399999999978 0.2704622626193106
998.1199999999978 0.2700452362966635
999.9999999999978 0.2696296170952359
