60 4.521476807370682
61.88 4.465484657559859
63.76000000000001 4.411632955040356
65.64 4.359776432946915
67.52 4.309783647489095
69.39999999999999 4.261535316937058
71.27999999999999 4.214922898898007
73.15999999999998 4.169847366469342
75.03999999999998 4.126218151192953
76.91999999999997 4.083952226562564
78.79999999999997 4.042973310491059
80.67999999999996 4.003211168886225
82.55999999999996 3.96460100550586
84.43999999999996 3.927082925718972
86.31999999999995 3.890601463804058
88.19999999999995 3.855105165059673
90.07999999999994 3.82054621535728
91.95999999999994 3.786880111887362
93.83999999999993 3.754065369781463
95.71999999999993 3.722063260069985
97.59999999999992 3.690837575086505
99.47999999999992 3.660354417976375
101.3599999999999 3.63058201342893
103.2399999999999 3.601490537142956
105.1199999999999 3.5730519618668
106.9999999999999 3.545239918136723
108.8799999999999 3.518029568078452
110.7599999999999 3.491397490843343
112.6399999999999 3.465321578428279
114.5199999999999 3.439780940781151
116.3999999999999 3.414755819225971
118.2799999999999 3.390227507355883
120.1599999999999 3.36617827864157
122.0399999999999 3.342591320088987
123.9199999999999 3.319450671355324
125.7999999999999 3.296741168798245
127.6799999999999 3.274448393990575
129.5599999999999 3.252558626283543
131.4399999999999 3.23105879904574
133.3199999999999 3.209936459244371
135.1999999999998 3.189179730069713
137.0799999999998 3.168777276334229
138.9599999999998 3.148718272405007
140.8399999999998 3.128992372451894
142.7199999999998 3.109589682815284
144.5999999999998 3.090500736316332
146.4799999999998 3.071716468349366
148.3599999999998 3.053228194611256
150.2399999999998 3.035027590336295
152.1199999999998 3.017106670916832
153.9999999999998 2.999457773801178
155.8799999999998 2.982073541569701
157.7599999999998 2.964946906099066
159.6399999999998 2.948071073732255
161.5199999999998 2.931439511379331
163.3999999999998 2.915045933480082
165.2799999999998 2.898884289765799
167.1599999999998 2.882948753762419
169.0399999999998 2.867233711982158
170.9199999999998 2.85173375375519
172.7999999999998 2.836443661656545
174.6799999999998 2.821358402487352
176.5599999999997 2.806473118772437
178.4399999999997 2.791783120739568
180.3199999999997 2.777283878748082
182.1999999999997 2.762971016137192
184.0799999999997 2.748840302466668
185.9599999999997 2.73488764712428
187.8399999999997 2.721109093276749
189.7199999999997 2.707500812142216
191.5999999999997 2.694059097564208
193.4799999999997 2.68078036086826
195.3599999999997 2.667661125983866
197.2399999999997 2.654698024815548
199.1199999999997 2.641887792848063
200.9999999999997 2.629227264971681
202.8799999999997 2.616713371514579
204.7599999999997 2.604343134470168
206.6399999999997 2.592113663908045
208.5199999999997 2.580022154557981
210.3999999999997 2.568065882557109
212.2799999999997 2.556242202351045
214.1599999999997 2.544548543740392
216.0399999999997 2.532982409064476
217.9199999999996 2.52154137051483
219.7999999999996 2.51022306757132
221.6799999999996 2.499025204554278
223.5599999999996 2.487945548286485
225.4399999999996 2.476981925859057
227.3199999999996 2.466132222495906
229.1999999999996 2.455394379511485
231.0799999999996 2.44476639235708
232.9599999999996 2.434246308751081
234.8399999999996 2.423832226888951
236.7199999999996 2.413522293728816
238.5999999999996 2.403314703349008
240.4799999999996 2.393207695373849
242.3599999999996 2.383199553464399
244.2399999999996 2.373288603870964
246.1199999999996 2.363473214044367
247.9999999999996 2.353751791303152
249.8799999999996 2.344122781554033
251.7599999999996 2.334584668063103
253.6399999999996 2.325135970275387
255.5199999999996 2.315775242680469
257.3999999999996 2.306501073722104
259.2799999999996 2.297312084749729
261.1599999999996 2.288206929010028
263.0399999999996 2.279184290676671
264.9199999999996 2.270242883916579
266.7999999999996 2.261381451991009
268.6799999999996 2.252598766389979
270.5599999999995 2.243893625998516
272.4399999999995 2.235264856293381
274.3199999999995 2.226711308568941
276.1999999999995 2.218231859190848
278.0799999999995 2.209825408876486
279.9599999999995 2.201490882000946
281.8399999999995 2.193227225927438
283.7199999999995 2.185033410361191
285.5999999999995 2.176908426725806
287.4799999999995 2.168851287561164
289.3599999999995 2.160861025941982
291.2399999999995 2.152936694916191
293.1199999999995 2.145077366962321
294.9999999999995 2.137282133465133
296.8799999999995 2.129550104208774
298.7599999999995 2.121880406886763
300.6399999999995 2.114272186628097
302.5199999999995 2.106724605538938
304.3999999999995 2.099236842259166
306.2799999999995 2.091808091533306
308.1599999999995 2.084437563795227
310.0399999999995 2.077124484766125
311.9199999999994 2.069868095065241
313.7999999999994 2.062667649832855
315.6799999999994 2.055522418365123
317.5599999999994 2.048431683760268
319.4399999999994 2.041394742575724
321.3199999999994 2.034410904495831
323.1999999999994 2.027479492009716
325.0799999999994 2.020599840098922
326.9599999999994 2.013771295934526
328.8399999999994 2.006993218583319
330.7199999999994 2.000264978722776
332.5999999999994 1.993585958364495
334.4799999999994 1.986955550585782
336.3599999999994 1.98037315926912
338.2399999999994 1.973838198849239
340.1199999999994 1.96735009406753
341.9999999999994 1.960908279733531
343.8799999999994 1.954512200493249
345.7599999999994 1.948161310604108
347.6399999999994 1.941855073716262
349.5199999999994 1.935592962660085
351.3999999999994 1.929374459239602
353.2799999999993 1.923199054031708
355.1599999999993 1.917066246190933
357.0399999999993 1.910975543259604
358.9199999999993 1.904926460983209
360.7999999999993 1.898918523130797
362.6799999999993 1.892951261320259
364.5599999999993 1.887024214848326
366.4399999999993 1.881136930525118
368.3199999999993 1.875288962513125
370.1999999999993 1.869479872170467
372.0799999999993 1.863709227898273
373.9599999999993 1.857976604992121
375.8399999999993 1.852281585497298
377.7199999999993 1.846623758067887
379.5999999999993 1.841002717829463
381.4799999999993 1.835418066245341
383.3599999999993 1.829869410986246
385.2399999999993 1.824356365803307
387.1199999999993 1.818878550404278
388.9999999999993 1.813435590332876
390.8799999999993 1.808027116851141
392.7599999999993 1.802652766824759
394.6399999999992 1.79731218261122
396.5199999999992 1.792005011950742
398.3999999999992 1.786730907859891
400.2799999999992 1.781489528527799
402.1599999999992 1.776280537214916
404.0399999999992 1.771103602154221
405.9199999999992 1.765958396454816
407.7999999999992 1.760844598007834
409.6799999999992 1.755761889394613
411.5599999999992 1.750709957797037
413.4399999999992 1.745688494910006
415.3199999999992 1.740697196855988
417.1999999999992 1.735735764101552
419.0799999999992 1.730803901375876
420.9599999999992 1.725901317591122
422.8399999999992 1.721027725764684
424.7199999999992 1.716182842943209
426.5999999999992 1.711366390128372
428.4799999999992 1.706578092204332
430.3599999999992 1.701817677866857
432.2399999999992 1.697084879554043
434.1199999999992 1.69237943337858
435.9999999999991 1.687701079061573
437.8799999999991 1.683049559867802
439.7599999999991 1.678424622542452
441.6399999999991 1.673826017249222
443.5199999999991 1.669253497509817
445.3999999999991 1.664706820144749
447.2799999999991 1.660185745215443
449.1599999999991 1.655690035967613
451.0399999999991 1.651219458775829
452.9199999999991 1.646773783089325
454.7999999999991 1.64235278137894
456.6799999999991 1.637956229085199
458.5599999999991 1.633583904567508
460.4399999999991 1.629235589054425
462.3199999999991 1.624911066594971
464.1999999999991 1.620610124010983
466.0799999999991 1.616332550850444
467.9599999999991 1.612078139341804
469.8399999999991 1.607846684349231
471.7199999999991 1.603637983328819
473.5999999999991 1.599451836285666
475.4799999999991 1.595288045731844
477.359999999999 1.591146416645236
479.239999999999 1.587026756429198
481.119999999999 1.582928874873053
482.999999999999 1.578852584113369
484.879999999999 1.57479769859601
486.759999999999 1.570764035038991
488.639999999999 1.566751412396008
490.519999999999 1.562759651820744
492.399999999999 1.558788576631856
494.279999999999 1.55483801227867
496.159999999999 1.550907786307532
498.039999999999 1.546997728328829
499.919999999999 1.543107669984645
501.799999999999 1.539237444917056
503.679999999999 1.53538688873703
505.559999999999 1.53155583899392
507.439999999999 1.527744135145567
509.319999999999 1.523951618528937
511.199999999999 1.520178132331357
513.079999999999 1.516423521562268
514.959999999999 1.512687633025522
516.839999999999 1.508970315292208
518.719999999999 1.505271418673976
520.599999999999 1.501590795196867
522.479999999999 1.497928298575622
524.359999999999 1.494283784188489
526.239999999999 1.490657109052469
528.119999999999 1.487048131799031
529.999999999999 1.483456712650278
531.879999999999 1.479882713395537
533.759999999999 1.47632599736839
535.639999999999 1.472786429424103
537.519999999999 1.469263875917483
539.399999999999 1.465758204681121
541.2799999999989 1.462269285004034
543.1599999999989 1.458796987610686
545.0399999999989 1.455341184640378
546.9199999999989 1.451901749627015
548.7999999999989 1.448478557479227
550.6799999999989 1.445071484460835
552.5599999999989 1.441680408171667
554.4399999999989 1.438305207528711
556.3199999999989 1.434945762747599
558.1999999999989 1.431601955324403
560.0799999999989 1.428273668017754
561.9599999999989 1.424960784831277
563.8399999999989 1.42166319099631
565.7199999999989 1.418380772954948
567.5999999999989 1.415113418343344
569.4799999999989 1.411861015975318
571.3599999999989 1.408623455826241
573.2399999999989 1.405400629017188
575.1199999999989 1.402192427799359
576.9999999999989 1.39899874553876
578.8799999999989 1.395819476701151
580.7599999999989 1.392654516837238
582.6399999999988 1.389503762568105
584.5199999999988 1.386367111570903
586.3999999999988 1.383244462564769
588.2799999999988 1.380135715296975
590.1599999999988 1.377040770529307
592.0399999999988 1.373959530024668
593.9199999999988 1.370891896533902
595.7999999999988 1.367837773782822
597.6799999999988 1.36479706645947
599.5599999999988 1.361769680201553
601.4399999999988 1.358755521584118
603.3199999999988 1.355754498107392
605.1999999999988 1.352766518184833
607.0799999999988 1.34979149113138
608.9599999999988 1.346829327151865
610.8399999999988 1.343879937329639
612.7199999999988 1.340943233615354
614.5999999999988 1.338019128815935
616.4799999999988 1.335107536583719
618.3599999999988 1.33220837140578
620.2399999999988 1.329321548593389
622.1199999999988 1.326446984271676
623.9999999999987 1.323584595369422
625.8799999999987 1.320734299609027
627.7599999999987 1.317896015496631
629.6399999999987 1.315069662312379
631.5199999999987 1.312255160100842
633.3999999999987 1.309452429661585
635.2799999999987 1.306661392539874
637.1599999999987 1.303881971017532
639.0399999999987 1.301114088103924
640.9199999999987 1.298357667527093
642.7999999999987 1.295612633725008
644.6799999999987 1.292878911836964
646.5599999999987 1.290156427695106
648.4399999999987 1.287445107816067
650.3199999999987 1.284744879392752
652.1999999999987 1.282055670286225
654.0799999999987 1.279377409017724
655.9599999999987 1.276710024760799
657.8399999999987 1.274053447333558
659.7199999999987 1.271407607191025
661.5999999999987 1.268772435417625
663.4799999999987 1.266147863719758
665.3599999999986 1.263533824418503
667.2399999999986 1.260930250442403
669.1199999999986 1.258337075320378
670.9999999999986 1.255754233174734
672.8799999999986 1.253181658714249
674.7599999999986 1.250619287227408
676.6399999999986 1.248067054575681
678.5199999999986 1.245524897186933
680.3999999999986 1.242992752048914
682.2799999999986 1.240470556702842
684.1599999999986 1.237958249237082
686.0399999999986 1.235455768280909
687.9199999999986 1.232963052998362
689.7999999999986 1.230480043082178
691.6799999999986 1.228006678747823
693.5599999999986 1.225542900727595
695.4399999999986 1.223088650264817
697.3199999999986 1.220643869108104
699.1999999999986 1.218208499505714
701.0799999999986 1.215782484199976
702.9599999999986 1.213365766421795
704.8399999999986 1.210958289885227
706.7199999999985 1.208559998782149
708.5999999999985 1.206170837776963
710.4799999999985 1.203790752001414
712.3599999999985 1.201419687049452
714.2399999999985 1.199057588972173
716.1199999999985 1.196704404272833
717.9999999999985 1.194360079901911
719.8799999999985 1.192024563252257
721.7599999999985 1.189697802154306
723.6399999999985 1.187379744871338
725.5199999999985 1.18507034009482
727.3999999999985 1.182769536939793
729.2799999999985 1.180477284940344
731.1599999999985 1.178193534045107
733.0399999999985 1.175918234612855
734.9199999999985 1.173651337408122
736.7999999999985 1.171392793596903
738.6799999999985 1.169142554742407
740.5599999999985 1.166900572800848
742.4399999999985 1.164666800117318
744.3199999999985 1.162441189421694
746.1999999999985 1.160223693824601
748.0799999999984 1.158014266813436
749.9599999999984 1.155812862248441
751.8399999999984 1.15361943435881
753.7199999999984 1.151433937738872
755.5999999999984 1.149256327344308
757.4799999999984 1.147086558488414
759.3599999999984 1.144924586838417
761.2399999999984 1.142770368411846
763.1199999999984 1.140623859572925
764.9999999999984 1.138485017029043
766.8799999999984 1.136353797827239
768.7599999999984 1.134230159350754
770.6399999999984 1.132114059315614
772.5199999999984 1.130005455767258
774.3999999999984 1.127904307077206
776.2799999999984 1.12581057193978
778.1599999999984 1.12372420936885
780.0399999999984 1.121645178694632
781.9199999999984 1.11957343956052
783.7999999999984 1.117508951919954
785.6799999999984 1.115451676033341
787.5599999999984 1.113401572464997
789.4399999999983 1.111358602080136
791.3199999999983 1.109322726041888
793.1999999999983 1.107293905808371
795.0799999999983 1.105272103129773
796.9599999999983 1.103257280045489
798.8399999999983 1.101249398881289
800.7199999999983 1.099248422246514
802.5999999999983 1.097254313031311
804.4799999999983 1.095267034403899
806.3599999999983 1.093286549807869
808.2399999999983 1.09131282295952
810.1199999999983 1.089345817845215
811.9999999999983 1.087385498718782
813.8799999999983 1.085431830098944
815.7599999999983 1.083484776766765
817.6399999999983 1.081544303763145
819.5199999999983 1.079610376386339
821.3999999999983 1.077682960189497
823.2799999999983 1.075762020978239
825.1599999999983 1.073847524808263
827.0399999999983 1.071939437982971
828.9199999999983 1.070037727051134
830.7999999999982 1.068142358804574
832.6799999999982 1.066253300275878
834.5599999999982 1.06437051873614
836.4399999999982 1.062493981692722
838.3199999999982 1.060623656887051
840.1999999999982 1.058759512292433
842.0799999999982 1.056901516111899
843.9599999999982 1.055049636776066
845.8399999999982 1.053203842941034
847.7199999999982 1.051364103486297
849.5999999999982 1.04953038751269
851.4799999999982 1.047702664340338
853.3599999999982 1.045880903506661
855.2399999999982 1.044065074764363
857.1199999999982 1.042255148079475
858.9999999999982 1.040451093629405
860.8799999999982 1.038652881801017
862.7599999999982 1.03686048318872
864.6399999999982 1.035073868592592
866.5199999999982 1.033293009016522
868.3999999999982 1.031517875666358
870.2799999999982 1.029748439948102
872.1599999999981 1.027984673466098
874.0399999999981 1.026226548021264
875.9199999999981 1.024474035609321
877.7999999999981 1.022727108419065
879.6799999999981 1.020985738830632
881.5599999999981 1.019249899413809
883.4399999999981 1.017519562926335
885.3199999999981 1.015794702312255
887.1999999999981 1.014075290700256
889.0799999999981 1.012361301402049
890.9599999999981 1.010652707910748
892.8399999999981 1.008949483899285
894.7199999999981 1.00725160321883
896.5999999999981 1.005559039897228
898.4799999999981 1.003871768137462
900.3599999999981 1.002189762316121
902.2399999999981 1.000512996981898
904.1199999999981 0.9988414468540833
905.9999999999981 0.997175086821103
907.8799999999981 0.9955138919390438
909.7599999999981 0.9938578374302149
911.6399999999981 0.992206898681711
913.519999999998 0.9905610512439997
915.399999999998 0.9889202708295235
917.279999999998 0.9872845333113051
919.159999999998 0.9856538147215861
921.039999999998 0.9840280912504623
922.919999999998 0.9824073392445435
924.799999999998 0.9807915352056271
926.679999999998 0.9791806557893795
928.559999999998 0.9775746778040366
930.439999999998 0.9759735782091183
932.319999999998 0.9743773341141487
934.199999999998 0.9727859227774033
936.079999999998 0.9711993216046507
937.959999999998 0.9696175081479281
939.839999999998 0.9680404601043099
941.719999999998 0.9664681553147053
943.599999999998 0.9649005717626589
945.479999999998 0.9633376875731624
947.359999999998 0.9617794810114837
949.239999999998 0.9602259304820063
951.119999999998 0.9586770145270814
952.999999999998 0.9571327118258864
954.8799999999979 0.9555930011933043
956.7599999999979 0.9540578615788056
958.6399999999979 0.9525272720653443
960.5199999999979 0.9510012118682707
962.3999999999979 0.9494796603342445
964.2799999999979 0.9479625969401675
966.1599999999979 0.946450001292124
968.0399999999979 0.9449418531243311
969.9199999999979 0.9434381322981004
971.7999999999979 0.9419388188008112
973.6799999999979 0.9404438927448922
975.5599999999979 0.9389533343668098
977.4399999999979 0.937467124026078
979.3199999999979 0.9359852422042656
981.1999999999979 0.9345076695040155
983.0799999999979 0.9330343866480814
984.9599999999979 0.931565374478368
986.8399999999979 0.9301006139549796
988.7199999999979 0.9286400861552805
990.5999999999979 0.927183772272966
992.4799999999979 0.9257316536171335
994.3599999999979 0.9242837116113832
996.2399999999978 0.9228399277928969
998.1199999999978 0.921400283811556
999.9999999999978 0.9199647614290491
