60 1.272366323052229
61.88 1.241659029564169
63.76000000000001 1.212393515311679
65.64 1.184467885669719
67.52 1.157789874578476
69.39999999999999 1.132275709270292
71.27999999999999 1.107849134599524
73.15999999999998 1.084440571058527
75.03999999999998 1.061986385312323
76.91999999999997 1.04042825586869
78.79999999999997 1.019712619534177
80.67999999999996 0.9997901867525009
82.55999999999996 0.980615515904861
84.43999999999996 0.9621466382676613
86.31999999999995 0.9443447266465783
88.19999999999995 0.9271738017948186
90.07999999999994 0.9106004716234396
91.95999999999994 0.8945936989585878
93.83999999999993 0.8791245942231964
95.71999999999993 0.864166229941519
97.59999999999992 0.8496934744024826
99.47999999999992 0.8356828421864944
101.3599999999999 0.8221123595722818
103.2399999999999 0.8089614431049208
105.1199999999999 0.7962107898315148
106.9999999999999 0.7838422779033001
108.8799999999999 0.7718388764076921
110.7599999999999 0.7601845634352067
112.6399999999999 0.7488642515080176
114.5199999999999 0.7378637196020511
116.3999999999999 0.7271695510855622
118.2799999999999 0.7167690769760962
120.1599999999999 0.7066503239864367
122.0399999999999 0.6968019668900284
123.9199999999999 0.6872132847886553
125.7999999999999 0.6778741209109687
127.6799999999999 0.668774845610644
129.5599999999999 0.6599063222682489
131.4399999999999 0.6512598758320414
133.3199999999999 0.642827263760354
135.1999999999998 0.6346006491525064
137.0799999999998 0.62657257587666
138.9599999999998 0.6187359455221515
140.8399999999998 0.6110839960207118
142.7199999999998 0.6036102817961471
144.5999999999998 0.5963086553154338
146.4799999999998 0.5891732499262525
148.3599999999998 0.5821984638766515
150.2399999999998 0.5753789454222259
152.1199999999998 0.5687095789347482
153.9999999999998 0.562185471933998
155.8799999999998 0.5558019429714324
157.7599999999998 0.5495545103006764
159.6399999999998 0.543438881275417
161.5199999999998 0.5374509424204215
163.3999999999998 0.531586750125979
165.2799999999998 0.5258425219202766
167.1599999999998 0.5202146282779667
169.0399999999998 0.5146995849266475
170.9199999999998 0.5092940456160476
172.7999999999998 0.5039947953175861
174.6799999999998 0.4987987438245086
176.5599999999997 0.4937029197251903
178.4399999999997 0.4887044647242821
180.3199999999997 0.4838006282883905
182.1999999999997 0.4789887625947004
184.0799999999997 0.4742663177626474
185.9599999999997 0.4696308373501668
187.8399999999997 0.4650799540974843
189.7199999999997 0.460611385902607
191.5999999999997 0.456222932013876
193.4799999999997 0.4519124694259451
195.3599999999997 0.4476779494665742
197.2399999999997 0.4435173945624771
199.1199999999997 0.4394288951733215
200.9999999999997 0.4354106068836969
202.8799999999997 0.4314607476436117
204.7599999999997 0.4275775951486843
206.6399999999997 0.4237594843518263
208.5199999999997 0.4200048050987217
210.3999999999997 0.4163119998799713
212.2799999999997 0.4126795616931871
214.1599999999997 0.4091060320088097
216.0399999999997 0.4055899988337732
217.9199999999996 0.4021300948675731
219.7999999999996 0.3987249957455918
221.6799999999996 0.3953734183649016
223.5599999999996 0.3920741192880245
225.4399999999996 0.3888258932204481
227.3199999999996 0.3856275715579239
229.1999999999996 0.3824780209998443
231.0799999999996 0.3793761422251885
232.9599999999996 0.3763208686277726
234.8399999999996 0.3733111651077077
236.7199999999996 0.3703460269161611
238.5999999999996 0.3674244785507091
240.4799999999996 0.3645455726986688
242.3599999999996 0.3617083892260279
244.2399999999996 0.3589120342096599
246.1199999999996 0.3561556390106833
247.9999999999996 0.3534383593869254
249.8799999999996 0.3507593746425822
251.7599999999996 0.3481178868132481
253.6399999999996 0.3455131198846334
255.5199999999996 0.3429443190433134
257.3999999999996 0.34041074995802
259.2799999999996 0.3379116980900028
261.1599999999996 0.3354464680311181
263.0399999999996 0.3330143828683199
264.9199999999996 0.3306147835733607
266.7999999999996 0.3282470284165189
268.6799999999996 0.325910492403265
270.5599999999995 0.3236045667328193
272.4399999999995 0.3213286582776113
274.3199999999995 0.3190821890827119
276.1999999999995 0.3168645958843417
278.0799999999995 0.3146753296466044
279.9599999999995 0.3125138551156599
281.8399999999995 0.3103796503905649
283.7199999999995 0.3082722065100535
285.5999999999995 0.3061910270545831
287.4799999999995 0.304135627762972
289.3599999999995 0.3021055361630303
291.2399999999995 0.3001002912155709
293.1199999999995 0.2981194429712443
294.9999999999995 0.2961625522396665
296.8799999999995 0.2942291902703215
298.7599999999995 0.2923189384447537
300.6399999999995 0.2904313879795891
302.5199999999995 0.2885661396399338
304.3999999999995 0.286722803462746
306.2799999999995 0.2849009984897616
308.1599999999995 0.2831003525095918
310.0399999999995 0.2813205018086425
311.9199999999994 0.2795610909304859
313.7999999999994 0.2778217724433632
315.6799999999994 0.2761022067154953
317.5599999999994 0.2744020616978945
319.4399999999994 0.2727210127143953
321.3199999999994 0.2710587422586168
323.1999999999994 0.2694149397975898
325.0799999999994 0.2677893015818058
326.9599999999994 0.266181530461433
328.8399999999994 0.2645913357084717
330.7199999999994 0.2630184328446266
332.5999999999994 0.261462543474677
334.4799999999994 0.2599233951251527
336.3599999999994 0.258400721088109
338.2399999999994 0.256894260269811
340.1199999999994 0.2554037570441643
341.9999999999994 0.2539289611107015
343.8799999999994 0.2524696273569708
345.7599999999994 0.2510255157251648
347.6399999999994 0.2495963910828352
349.5199999999994 0.2481820230975557
351.3999999999994 0.2467821861153874
353.2799999999993 0.2453966590430073
355.1599999999993 0.2440252252333877
357.0399999999993 0.2426676723748861
358.9199999999993 0.2413237923836379
360.7999999999993 0.2399933812991319
362.6799999999993 0.2386762391828604
364.5599999999993 0.2373721700199448
366.4399999999993 0.2360809816236275
368.3199999999993 0.2348024855425314
370.1999999999993 0.2335364969706064
372.0799999999993 0.2322828346596611
373.9599999999993 0.2310413208343955
375.8399999999993 0.2298117811098567
377.7199999999993 0.2285940444112297
379.5999999999993 0.2273879428958971
381.4799999999993 0.2261933118776823
383.3599999999993 0.225009989753209
385.2399999999993 0.2238378179303138
387.1199999999993 0.2226766407584385
388.9999999999993 0.2215263054609398
390.8799999999993 0.2203866620692601
392.7599999999993 0.2192575633588894
394.6399999999992 0.2181388647870791
396.5199999999992 0.2170304244322326
398.3999999999992 0.215932102934931
400.2799999999992 0.2148437634405436
402.1599999999992 0.2137652715433704
404.0399999999992 0.2126964952322681
405.9199999999992 0.2116373048377178
407.7999999999992 0.2105875729802845
409.6799999999992 0.209547174520435
411.5599999999992 0.2085159865096635
413.4399999999992 0.2074938881428856
415.3199999999992 0.2064807607120722
417.1999999999992 0.2054764875610752
419.0799999999992 0.204480954041615
420.9599999999992 0.2034940474703938
422.8399999999992 0.202515657087298
424.7199999999992 0.2015456740146667
426.5999999999992 0.2005839912175866
428.4799999999992 0.1996305034651801
430.3599999999992 0.198685107292871
432.2399999999992 0.1977477009655871
434.1199999999992 0.1968181844418778
435.9999999999991 0.1958964593389203
437.8799999999991 0.1949824288983847
439.7599999999991 0.1940759979531417
441.6399999999991 0.1931770728947828
443.5199999999991 0.1922855616419253
445.3999999999991 0.1914013736092937
447.2799999999991 0.1905244196775433
449.1599999999991 0.1896546121638109
451.0399999999991 0.1887918647929704
452.9199999999991 0.1879360926695739
454.7999999999991 0.187087212250461
456.6799999999991 0.1862451413180189
458.5599999999991 0.1854097989540642
460.4399999999991 0.1845811055143496
462.3199999999991 0.183758982603659
464.1999999999991 0.1829433530514877
466.0799999999991 0.1821341408882847
467.9599999999991 0.1813312713222463
469.8399999999991 0.1805346707166442
471.7199999999991 0.1797442665676691
473.5999999999991 0.1789599874827964
475.4799999999991 0.1781817631596231
477.359999999999 0.1774095243652012
479.239999999999 0.1766432029158347
481.119999999999 0.1758827316573237
482.999999999999 0.1751280444456715
484.879999999999 0.1743790761281975
486.759999999999 0.1736357625250918
488.639999999999 0.1728980404113687
490.519999999999 0.1721658474992237
492.399999999999 0.1714391224207767
494.279999999999 0.1707178047111967
496.159999999999 0.1700018347921932
498.039999999999 0.1692911539558704
499.919999999999 0.1685857043489305
501.799999999999 0.1678854289572139
503.679999999999 0.1671902715905896
505.559999999999 0.1665001768681477
507.439999999999 0.1658150902037249
509.319999999999 0.1651349577917359
511.199999999999 0.164459726593297
513.079999999999 0.1637893443226645
514.959999999999 0.1631237594339349
516.839999999999 0.1624629211080367
518.719999999999 0.1618067792400062
520.599999999999 0.1611552844265043
522.479999999999 0.160508387953615
524.359999999999 0.1598660417848873
526.239999999999 0.1592281985496251
528.119999999999 0.1585948115314217
529.999999999999 0.1579658346569273
531.879999999999 0.157341222484847
533.759999999999 0.1567209301951643
535.639999999999 0.1561049135785821
537.519999999999 0.1554931290261806
539.399999999999 0.1548855335192813
541.2799999999989 0.154282084619517
543.1599999999989 0.1536827404590967
545.0399999999989 0.1530874597312795
546.9199999999989 0.1524962016810124
548.7999999999989 0.1519089260957864
550.6799999999989 0.1513255932966442
552.5599999999989 0.1507461641293851
554.4399999999989 0.1501705999559353
556.3199999999989 0.1495988626458872
558.1999999999989 0.1490309145682078
560.0799999999989 0.1484667185831047
561.9599999999989 0.1479062380340533
563.8399999999989 0.1473494367399766
565.7199999999989 0.1467962789875764
567.5999999999989 0.1462467295238131
569.4799999999989 0.1457007535485284
571.3599999999989 0.1451583167072107
573.2399999999989 0.1446193850838925
575.1199999999989 0.1440839251941997
576.9999999999989 0.1435519039785041
578.8799999999989 0.1430232887952383
580.7599999999989 0.1424980474143076
582.6399999999988 0.1419761480106445
584.5199999999988 0.1414575591578754
586.3999999999988 0.1409422498221073
588.2799999999988 0.1404301893558308
590.1599999999988 0.1399213474919355
592.0399999999988 0.1394156943378353
593.9199999999988 0.1389132003697039
595.7999999999988 0.1384138364268141
597.6799999999988 0.1379175737059827
599.5599999999988 0.1374243837561151
601.4399999999988 0.1369342384728518
603.3199999999988 0.1364471100933051
605.1999999999988 0.1359629711909081
607.0799999999988 0.1354817946703289
608.9599999999988 0.1350035537625083
610.8399999999988 0.1345282220197595
612.7199999999988 0.1340557733109709
614.5999999999988 0.1335861818168904
616.4799999999988 0.1331194220254925
618.3599999999988 0.1326554687274289
620.2399999999988 0.1321942970115588
622.1199999999988 0.1317358822605584
623.9999999999987 0.1312802001466075
625.8799999999987 0.1308272266271513
627.7599999999987 0.1303769379407378
629.6399999999987 0.1299293106029247
631.5199999999987 0.1294843214022621
633.3999999999987 0.1290419473963365
635.2799999999987 0.1286021659078996
637.1599999999987 0.1281649545210374
639.0399999999987 0.1277302910774371
640.9199999999987 0.1272981536726892
642.7999999999987 0.1268685206526702
644.6799999999987 0.126441370609982
646.5599999999987 0.1260166823804502
648.4399999999987 0.1255944350396841
650.3199999999987 0.1251746078996937
652.1999999999987 0.1247571805055635
654.0799999999987 0.1243421326321834
655.9599999999987 0.1239294442810322
657.8399999999987 0.1235190956770182
659.7199999999987 0.1231110672653686
661.5999999999987 0.122705339708574
663.4799999999987 0.1223018938833781
665.3599999999986 0.1219007108778305
667.2399999999986 0.1215017719883647
669.1199999999986 0.1211050587169527
670.9999999999986 0.1207105527682808
672.8799999999986 0.1203182360469866
674.7599999999986 0.1199280906549376
676.6399999999986 0.1195400988885517
678.5199999999986 0.1191542432361633
680.3999999999986 0.1187705063754326
682.2799999999986 0.1183888711707933
684.1599999999986 0.1180093206709464
686.0399999999986 0.1176318381063889
687.9199999999986 0.117256406886987
689.7999999999986 0.1168830105995849
691.6799999999986 0.1165116330056495
693.5599999999986 0.1161422580389601
695.4399999999986 0.1157748698033314
697.3199999999986 0.1154094525703619
699.1999999999986 0.1150459907772361
701.0799999999986 0.1146844690245511
702.9599999999986 0.1143248720741732
704.8399999999986 0.1139671848471393
706.7199999999985 0.1136113924215773
708.5999999999985 0.1132574800306772
710.4799999999985 0.1129054330606735
712.3599999999985 0.1125552370488733
714.2399999999985 0.1122068776817045
716.1199999999985 0.1118603407928086
717.9999999999985 0.1115156123611448
719.8799999999985 0.1111726785091365
721.7599999999985 0.1108315255008374
723.6399999999985 0.1104921397401348
725.5199999999985 0.1101545077689755
727.3999999999985 0.1098186162656096
729.2799999999985 0.1094844520428788
731.1599999999985 0.1091520020465193
733.0399999999985 0.1088212533534879
734.9199999999985 0.1084921931703225
736.7999999999985 0.1081648088315163
738.6799999999985 0.1078390877979314
740.5599999999985 0.1075150176552176
742.4399999999985 0.10719258611227
744.3199999999985 0.106871780999697
746.1999999999985 0.106552590268327
748.0799999999984 0.1062350019877188
749.9599999999984 0.1059190043447075
751.8399999999984 0.1056045856419626
753.7199999999984 0.1052917342965764
755.5999999999984 0.1049804388386689
757.4799999999984 0.1046706879100041
759.3599999999984 0.1043624702626432
761.2399999999984 0.1040557747576074
763.1199999999984 0.1037505903635572
764.9999999999984 0.1034469061555002
766.8799999999984 0.1031447113135059
768.7599999999984 0.1028439951214556
770.6399999999984 0.1025447469657905
772.5199999999984 0.1022469563342925
774.3999999999984 0.1019506128148729
776.2799999999984 0.1016557060943902
778.1599999999984 0.1013622259574697
780.0399999999984 0.1010701622853514
781.9199999999984 0.1007795050547466
783.7999999999984 0.1004902443367184
785.6799999999984 0.1002023702955744
787.5599999999984 0.09991587318776626
789.4399999999983 0.09963074336082109
791.3199999999983 0.09934697125227789
793.1999999999983 0.09906454738863629
795.0799999999983 0.09878346238432847
796.9599999999983 0.09850370694069506
798.8399999999983 0.09822527184499051
800.7199999999983 0.09794814796938303
802.5999999999983 0.09767232626998418
804.4799999999983 0.09739779778587956
806.3599999999983 0.09712455363818814
808.2399999999983 0.0968525850291163
810.1199999999983 0.09658188324103875
811.9999999999983 0.09631243963558273
813.8799999999983 0.09604424565273344
815.7599999999983 0.09577729280994762
817.6399999999983 0.09551157270127067
819.5199999999983 0.09524707699648176
821.3999999999983 0.09498379744024103
823.2799999999983 0.09472172585124515
825.1599999999983 0.0944608541214037
827.0399999999983 0.09420117421501514
828.9199999999983 0.09394267816796988
830.7999999999982 0.09368535808694456
832.6799999999982 0.09342920614862255
834.5599999999982 0.09317421459891374
836.4399999999982 0.09292037575219815
838.3199999999982 0.09266768199056326
840.1999999999982 0.0924161257630637
842.0799999999982 0.09216569958498268
843.9599999999982 0.09191639603711152
845.8399999999982 0.09166820776503391
847.7199999999982 0.09142112747841223
849.5999999999982 0.09117514795029864
851.4799999999982 0.09093026201644544
853.3599999999982 0.09068646257462176
855.2399999999982 0.0904437425839484
857.1199999999982 0.09020209506422996
858.9999999999982 0.08996151309531129
860.8799999999982 0.08972198981642338
862.7599999999982 0.08948351842555269
864.6399999999982 0.08924609217880775
866.5199999999982 0.08900970438980733
868.3999999999982 0.08877434842905996
870.2799999999982 0.0885400177233639
872.1599999999981 0.08830670575520683
874.0399999999981 0.08807440606218087
875.9199999999981 0.08784311223640132
877.7999999999981 0.08761281792392464
879.6799999999981 0.08738351682418954
881.5599999999981 0.08715520268945555
883.4399999999981 0.0869278693242455
885.3199999999981 0.0867015105848051
887.1999999999981 0.08647612037855706
889.0799999999981 0.08625169266357831
890.9599999999981 0.08602822144806492
892.8399999999981 0.08580570078981803
894.7199999999981 0.08558412479572645
896.5999999999981 0.08536348762126773
898.4799999999981 0.08514378347000044
900.3599999999981 0.08492500659307393
902.2399999999981 0.08470715128873725
904.1199999999981 0.084490211901861
905.9999999999981 0.08427418282346168
907.8799999999981 0.08405905849022419
909.7599999999981 0.08384483338404508
911.6399999999981 0.08363150203157224
913.519999999998 0.08341905900374742
915.399999999998 0.08320749891536437
917.279999999998 0.08299681642461612
919.159999999998 0.08278700623267543
921.039999999998 0.08257806308324578
922.919999999998 0.08236998176214494
924.799999999998 0.08216275709687428
926.679999999998 0.0819563839562175
928.559999999998 0.08175085724981425
930.439999999998 0.08154617192776044
932.319999999998 0.08134232298020581
934.199999999998 0.0811393054369573
936.079999999998 0.08093711436708581
937.959999999998 0.08073574487853943
939.839999999998 0.08053519211776235
941.719999999998 0.08033545126930759
943.599999999998 0.08013651755547938
945.479999999998 0.07993838623594808
947.359999999998 0.07974105260739218
949.239999999998 0.07954451200313628
951.119999999998 0.07934875979279407
952.999999999998 0.07915379138191563
954.8799999999979 0.0789596022116396
956.7599999999979 0.07876618775834766
958.6399999999979 0.07857354353332699
960.5199999999979 0.07838166508242447
962.3999999999979 0.07819054798573087
964.2799999999979 0.07800018785723623
966.1599999999979 0.0778105803445121
968.0399999999979 0.07762172112838914
969.9199999999979 0.0774336059226398
971.7999999999979 0.07724623047366384
973.6799999999979 0.07705959056017804
975.5599999999979 0.07687368199291152
977.4399999999979 0.07668850061429366
979.3199999999979 0.07650404229817091
981.1999999999979 0.07632030294949373
983.0799999999979 0.07613727850403325
984.9599999999979 0.07595496492808221
986.8399999999979 0.07577335821818351
988.7199999999979 0.07559245440083215
990.5999999999979 0.07541224953220164
992.4799999999979 0.07523273969786645
994.3599999999979 0.07505392101252786
996.2399999999978 0.07487578961974284
998.1199999999978 0.07469834169165625
999.9999999999978 0.0745215734287379
