60 4.558272951781628
61.88 4.518457969063395
63.76000000000001 4.480462478777886
65.64 4.444149723156903
67.52 4.409396596447262
69.39999999999999 4.376091964532933
71.27999999999999 4.344135228778168
73.15999999999998 4.313435093396063
75.03999999999998 4.283908503257162
76.91999999999997 4.255479725092132
78.79999999999997 4.228079549863249
80.67999999999996 4.201644597951258
82.55999999999996 4.176116711929252
84.43999999999996 4.151442424232665
86.31999999999995 4.127572489103073
88.19999999999995 4.104461469879559
90.07999999999994 4.082067374106932
91.95999999999994 4.060351330084521
93.83999999999993 4.039277299436926
95.71999999999993 4.018811821086925
97.59999999999992 3.998923782678467
99.47999999999992 3.979584216058693
101.3599999999999 3.96076611390039
103.2399999999999 3.942444264945807
105.1199999999999 3.924595105691425
106.9999999999999 3.90719658662155
108.8799999999999 3.890228051344429
110.7599999999999 3.873670127194953
112.6399999999999 3.857504626048503
114.5199999999999 3.841714454245903
116.3999999999999 3.826283530663142
118.2799999999999 3.811196712075614
120.1599999999999 3.796439725066733
122.0399999999999 3.78199910381816
123.9199999999999 3.767862133194713
125.7999999999999 3.754016796603228
127.6799999999999 3.740451728162691
129.5599999999999 3.727156168773584
131.4399999999999 3.714119925718971
133.3199999999999 3.70133333546911
135.1999999999998 3.688787229395844
137.0799999999998 3.676472902133452
138.9599999999998 3.66438208234981
140.8399999999998 3.652506905715357
142.7199999999998 3.640839889878689
144.5999999999998 3.629373911276504
146.4799999999998 3.618102183622164
148.3599999999998 3.607018237932349
150.2399999999998 3.596115903964498
152.1199999999998 3.585389292949619
153.9999999999998 3.574832781515867
155.8799999999998 3.564440996707818
157.7599999999998 3.554208802014895
159.6399999999998 3.544131284330273
161.5199999999998 3.534203741768499
163.3999999999998 3.524421672276265
165.2799999999998 3.514780762976543
167.1599999999998 3.505276880191406
169.0399999999998 3.495906060093366
170.9199999999998 3.486664499939437
172.7999999999998 3.477548549845731
174.6799999999998 3.468554705064044
176.5599999999997 3.459679598724855
178.4399999999997 3.450919995014107
180.3199999999997 3.442272782753701
182.1999999999997 3.433734969358033
184.0799999999997 3.425303675140983
185.9599999999997 3.416976127949806
187.8399999999997 3.408749658104187
189.7199999999997 3.40062169362028
191.5999999999997 3.392589755701127
193.4799999999997 3.384651454476252
195.3599999999997 3.376804484974407
197.2399999999997 3.369046623314705
199.1199999999997 3.36137572310236
200.9999999999997 3.353789712016325
202.8799999999997 3.346286588576922
204.7599999999997 3.338864419082448
206.6399999999997 3.331521334704568
208.5199999999997 3.324255528732829
210.3999999999997 3.317065253959488
212.2799999999997 3.309948820196362
214.1599999999997 3.302904591915894
216.0399999999997 3.295930986009255
217.9199999999996 3.289026469654772
219.7999999999996 3.282189558290312
221.6799999999996 3.275418813683767
223.5599999999996 3.268712842096146
225.4399999999996 3.262070292532037
227.3199999999996 3.255489855072704
229.1999999999996 3.248970259287207
231.0799999999996 3.242510272717344
232.9599999999996 3.236108699432393
234.8399999999996 3.22976437864998
236.7199999999996 3.223476183419456
238.5999999999996 3.217243019364603
240.4799999999996 3.211063823482449
242.3599999999996 3.204937562995382
244.2399999999996 3.198863234253719
246.1199999999996 3.192839861686254
247.9999999999996 3.186866496796208
249.8799999999996 3.180942217200478
251.7599999999996 3.175066125709801
253.6399999999996 3.169237349448006
255.5199999999996 3.163455039008268
257.3999999999996 3.157718367644666
259.2799999999996 3.152026530497228
261.1599999999996 3.146378743848942
263.0399999999996 3.140774244413131
264.9199999999996 3.13521228864977
266.7999999999996 3.129692152109384
268.6799999999996 3.12421312880322
270.5599999999995 3.118774530598483
272.4399999999995 3.113375686637439
274.3199999999995 3.108015942779356
276.1999999999995 3.102694661064123
278.0799999999995 3.097411219196724
279.9599999999995 3.092165010051469
281.8399999999995 3.086955441195178
283.7199999999995 3.081781934428499
285.5999999999995 3.076643925344482
287.4799999999995 3.071540862903682
289.3599999999995 3.066472209025114
291.2399999999995 3.06143743819231
293.1199999999995 3.056436037073853
294.9999999999995 3.051467504157769
296.8799999999995 3.046531349399181
298.7599999999995 3.041627093880672
300.6399999999995 3.036754269484825
302.5199999999995 3.031912418578401
304.3999999999995 3.027101093707711
306.2799999999995 3.022319857304707
308.1599999999995 3.017568281403325
310.0399999999995 3.012845947365725
311.9199999999994 3.008152445617939
313.7999999999994 3.003487375394615
315.6799999999994 2.998850344492516
317.5599999999994 2.994240969032292
319.4399999999994 2.989658873228374
321.3199999999994 2.985103689166527
323.1999999999994 2.980575056588846
325.0799999999994 2.976072622685866
326.9599999999994 2.971596041895531
328.8399999999994 2.967144975708743
330.7199999999994 2.962719092481243
332.5999999999994 2.958318067251608
334.4799999999994 2.953941581565056
336.3599999999994 2.949589323302966
338.2399999999994 2.945260986517775
340.1199999999994 2.940956271273114
341.9999999999994 2.936674883488997
343.8799999999994 2.932416534791851
345.7599999999994 2.9281809423692
347.6399999999994 2.923967828828877
349.5199999999994 2.919776922062566
351.3999999999994 2.915607955113509
353.2799999999993 2.91146066604828
355.1599999999993 2.907334797832409
357.0399999999993 2.90323009820978
358.9199999999993 2.89914631958565
360.7999999999993 2.895083218913145
362.6799999999993 2.891040557583131
364.5599999999993 2.887018101317346
366.4399999999993 2.883015620064639
368.3199999999993 2.879032887900292
370.1999999999993 2.875069682928232
372.0799999999993 2.871125787186074
373.9599999999993 2.867200986552919
375.8399999999993 2.863295070659761
377.7199999999993 2.859407832802474
379.5999999999993 2.855539069857257
381.4799999999993 2.851688582198432
383.3599999999993 2.847856173618617
385.2399999999993 2.844041651251057
387.1199999999993 2.840244825494149
388.9999999999993 2.836465509938055
390.8799999999993 2.832703521293309
392.7599999999993 2.828958679321428
394.6399999999992 2.825230806767336
396.5199999999992 2.821519729293704
398.3999999999992 2.817825275416997
400.2799999999992 2.81414727644527
402.1599999999992 2.810485566417624
404.0399999999992 2.806839982045246
405.9199999999992 2.803210362654073
407.7999999999992 2.79959655012887
409.6799999999992 2.795998388858865
411.5599999999992 2.792415725684751
413.4399999999992 2.78884840984708
415.3199999999992 2.785296292935987
417.1999999999992 2.781759228842212
419.0799999999992 2.778237073709376
420.9599999999992 2.77472968588747
422.8399999999992 2.77123692588752
424.7199999999992 2.767758656337421
426.5999999999992 2.76429474193884
428.4799999999992 2.76084504942524
430.3599999999992 2.757409447520918
432.2399999999992 2.75398780690109
434.1199999999992 2.750580000152921
435.9999999999991 2.747185901737558
437.8799999999991 2.743805387953062
439.7599999999991 2.740438336898243
441.6399999999991 2.737084628437398
443.5199999999991 2.733744144165872
445.3999999999991 2.730416767376457
447.2799999999991 2.727102383026605
449.1599999999991 2.723800877706417
451.0399999999991 2.720512139607379
452.9199999999991 2.717236058491849
454.7999999999991 2.713972525663269
456.6799999999991 2.710721433937057
458.5599999999991 2.707482677612197
460.4399999999991 2.704256152443464
462.3199999999991 2.701041755614316
464.1999999999991 2.697839385710399
466.0799999999991 2.694648942693663
467.9599999999991 2.691470327877068
469.8399999999991 2.688303443899853
471.7199999999991 2.685148194703396
473.5999999999991 2.68200448550758
475.4799999999991 2.67887222278773
477.359999999999 2.675751314252008
479.239999999999 2.672641668819391
481.119999999999 2.669543196598076
482.999999999999 2.666455808864366
484.879999999999 2.66337941804206
486.759999999999 2.660313937682248
488.639999999999 2.657259282443594
490.519999999999 2.654215368072987
492.399999999999 2.651182111386688
494.279999999999 2.648159430251797
496.159999999999 2.645147243568199
498.039999999999 2.642145471250836
499.919999999999 2.63915403421239
501.799999999999 2.636172854346321
503.679999999999 2.633201854510267
505.559999999999 2.630240958509802
507.439999999999 2.627290091082492
509.319999999999 2.624349177882359
511.199999999999 2.621418145464594
513.079999999999 2.61849692127064
514.959999999999 2.615585433613532
516.839999999999 2.612683611663624
518.719999999999 2.609791385434478
520.599999999999 2.606908685769182
522.479999999999 2.604035444326835
524.359999999999 2.60117159356937
526.239999999999 2.598317066748625
528.119999999999 2.595471797893656
529.999999999999 2.592635721798333
531.879999999999 2.589808774009168
533.759999999999 2.586990890813378
535.639999999999 2.584182009227198
537.519999999999 2.581382066984434
539.399999999999 2.578591002525191
541.2799999999989 2.575808754984902
543.1599999999989 2.573035264183469
545.0399999999989 2.570270470614744
546.9199999999989 2.567514315436069
548.7999999999989 2.56476674045813
550.6799999999989 2.562027688134967
552.5599999999989 2.559297101554151
554.4399999999989 2.556574924427195
556.3199999999989 2.553861101080101
558.1999999999989 2.551155576444143
560.0799999999989 2.548458296046736
561.9599999999989 2.545769206002575
563.8399999999989 2.543088253004884
565.7199999999989 2.540415384316827
567.5999999999989 2.537750547763105
569.4799999999989 2.535093691721672
571.3599999999989 2.532444765115671
573.2399999999989 2.529803717405415
575.1199999999989 2.527170498580614
576.9999999999989 2.524545059152703
578.8799999999989 2.521927350147275
580.7599999999989 2.519317323096745
582.6399999999988 2.51671493003302
584.5199999999988 2.514120123480434
586.3999999999988 2.511532856448682
588.2799999999988 2.508953082426004
590.1599999999988 2.50638075537238
592.0399999999988 2.503815829712922
593.9199999999988 2.50125826033136
595.7999999999988 2.49870800256361
597.6799999999988 2.496165012191521
599.5599999999988 2.493629245436665
601.4399999999988 2.49110065895429
603.3199999999988 2.488579209827323
605.1999999999988 2.486064855560546
607.0799999999988 2.483557554074797
608.9599999999988 2.481057263701325
610.8399999999988 2.478563943176236
612.7199999999988 2.476077551634996
614.5999999999988 2.473598048607081
616.4799999999988 2.471125394010665
618.3599999999988 2.468659548147452
620.2399999999988 2.466200471697544
622.1199999999988 2.463748125714426
623.9999999999987 2.461302471620044
625.8799999999987 2.458863471199912
627.7599999999987 2.456431086598389
629.6399999999987 2.454005280313927
631.5199999999987 2.451586015194501
633.3999999999987 2.449173254433036
635.2799999999987 2.446766961562944
637.1599999999987 2.444367100453756
639.0399999999987 2.441973635306761
640.9199999999987 2.439586530650783
642.7999999999987 2.437205751337985
644.6799999999987 2.434831262539765
646.5599999999987 2.432463029742682
648.4399999999987 2.430101018744509
650.3199999999987 2.427745195650276
652.1999999999987 2.425395526868433
654.0799999999987 2.42305197910706
655.9599999999987 2.420714519370103
657.8399999999987 2.418383114953738
659.7199999999987 2.416057733442707
661.5999999999987 2.413738342706796
663.4799999999987 2.411424910897288
665.3599999999986 2.409117406443567
667.2399999999986 2.406815798049648
669.1199999999986 2.404520054690898
670.9999999999986 2.402230145610709
672.8799999999986 2.399946040317253
674.7599999999986 2.397667708580317
676.6399999999986 2.395395120428113
678.5199999999986 2.393128246144238
680.3999999999986 2.39086705626457
682.2799999999986 2.388611521574301
684.1599999999986 2.38636161310498
686.0399999999986 2.384117302131576
687.9199999999986 2.381878560169633
689.7999999999986 2.379645358972436
691.6799999999986 2.377417670528224
693.5599999999986 2.375195467057449
695.4399999999986 2.372978721010079
697.3199999999986 2.370767405062934
699.1999999999986 2.368561492117071
701.0799999999986 2.366360955295186
702.9599999999986 2.364165767939074
704.8399999999986 2.361975903607143
706.7199999999985 2.359791336071894
708.5999999999985 2.357612039317546
710.4799999999985 2.355437987537577
712.3599999999985 2.353269155132399
714.2399999999985 2.351105516707022
716.1199999999985 2.348947047068724
717.9999999999985 2.346793721224828
719.8799999999985 2.344645514380443
721.7599999999985 2.342502401936273
723.6399999999985 2.340364359486438
725.5199999999985 2.338231362816356
727.3999999999985 2.336103387900608
729.2799999999985 2.333980410900873
731.1599999999985 2.331862408163883
733.0399999999985 2.329749356219388
734.9199999999985 2.327641231778178
736.7999999999985 2.325538011730097
738.6799999999985 2.323439673142139
740.5599999999985 2.321346193256495
742.4399999999985 2.3192575494887
744.3199999999985 2.317173719425765
746.1999999999985 2.315094680824337
748.0799999999984 2.313020411608902
749.9599999999984 2.310950889869994
751.8399999999984 2.308886093862431
753.7199999999984 2.306826002003595
755.5999999999984 2.304770592871695
757.4799999999984 2.302719845204125
759.3599999999984 2.30067373789573
761.2399999999984 2.298632249997228
763.1199999999984 2.296595360713532
764.9999999999984 2.294563049402206
766.8799999999984 2.292535295571836
768.7599999999984 2.290512078880493
770.6399999999984 2.288493379134217
772.5199999999984 2.286479176285446
774.3999999999984 2.284469450431581
776.2799999999984 2.282464181813447
778.1599999999984 2.280463350813904
780.0399999999984 2.278466937956338
781.9199999999984 2.276474923903283
783.7999999999984 2.274487289455014
785.6799999999984 2.272504015548149
787.5599999999984 2.270525083254299
789.4399999999983 2.2685504737787
791.3199999999983 2.266580168458909
793.1999999999983 2.264614148763449
795.0799999999983 2.262652396290569
796.9599999999983 2.260694892766904
798.8399999999983 2.258741620046257
800.7199999999983 2.256792560108311
802.5999999999983 2.254847695057425
804.4799999999983 2.252907007121416
806.3599999999983 2.25097047865032
808.2399999999983 2.249038092115269
810.1199999999983 2.247109830107247
811.9999999999983 2.245185675335998
813.8799999999983 2.243265610628834
815.7599999999983 2.241349618929518
817.6399999999983 2.23943768329718
819.5199999999983 2.237529786905163
821.3999999999983 2.235625913039992
823.2799999999983 2.233726045100233
825.1599999999983 2.231830166595506
827.0399999999983 2.229938261145365
828.9199999999983 2.228050312478325
830.7999999999982 2.226166304430791
832.6799999999982 2.224286220946072
834.5599999999982 2.222410046073386
836.4399999999982 2.220537763966843
838.3199999999982 2.218669358884503
840.1999999999982 2.216804815187408
842.0799999999982 2.214944117338611
843.9599999999982 2.213087249902248
845.8399999999982 2.211234197542625
847.7199999999982 2.209384945023259
849.5999999999982 2.207539477206013
851.4799999999982 2.20569777905018
853.3599999999982 2.203859835611592
855.2399999999982 2.202025632041761
857.1199999999982 2.200195153586982
858.9999999999982 2.198368385587532
860.8799999999982 2.196545313476767
862.7599999999982 2.19472592278032
864.6399999999982 2.192910199115267
866.5199999999982 2.191098128189307
868.3999999999982 2.189289695799967
870.2799999999982 2.187484887833779
872.1599999999981 2.185683690265526
874.0399999999981 2.183886089157435
875.9199999999981 2.182092070658412
877.7999999999981 2.180301621003299
879.6799999999981 2.178514726512091
881.5599999999981 2.176731373589219
883.4399999999981 2.174951548722782
885.3199999999981 2.173175238483864
887.1999999999981 2.171402429525766
889.0799999999981 2.169633108583328
890.9599999999981 2.167867262472211
892.8399999999981 2.166104878088199
894.7199999999981 2.164345942406528
896.5999999999981 2.162590442481176
898.4799999999981 2.160838365444223
900.3599999999981 2.159089698505163
902.2399999999981 2.157344428950249
904.1199999999981 2.155602544141845
905.9999999999981 2.153864031517794
907.8799999999981 2.152128878590753
909.7599999999981 2.150397072947595
911.6399999999981 2.148668602248759
913.519999999998 2.146943454227646
915.399999999998 2.145221616690024
917.279999999998 2.143503077513383
919.159999999998 2.141787824646397
921.039999999998 2.140075846108274
922.919999999998 2.138367129988211
924.799999999998 2.136661664444821
926.679999999998 2.134959437705519
928.559999999998 2.133260438066005
930.439999999998 2.131564653889674
932.319999999998 2.129872073607081
934.199999999998 2.128182685715378
936.079999999998 2.126496478777779
937.959999999998 2.124813441423033
939.839999999998 2.12313356234488
941.719999999998 2.12145683030153
943.599999999998 2.119783234115147
945.479999999998 2.118112762671338
947.359999999998 2.116445404918627
949.239999999998 2.114781149867984
951.119999999998 2.11311998659229
952.999999999998 2.111461904225868
954.8799999999979 2.109806891963995
956.7599999999979 2.108154939062401
958.6399999999979 2.106506034836815
960.5199999999979 2.10486016866247
962.3999999999979 2.103217329973653
964.2799999999979 2.101577508263226
966.1599999999979 2.099940693082187
968.0399999999979 2.098306874039193
969.9199999999979 2.096676040800129
971.7999999999979 2.095048183087639
973.6799999999979 2.09342329068074
975.5599999999979 2.091801353414307
977.4399999999979 2.090182361178709
979.3199999999979 2.088566303919331
981.1999999999979 2.086953171636218
983.0799999999979 2.085342954383574
984.9599999999979 2.083735642269407
986.8399999999979 2.08213122545509
988.7199999999979 2.08052969415496
990.5999999999979 2.078931038635943
992.4799999999979 2.077335249217108
994.3599999999979 2.075742316269299
996.2399999999978 2.074152230214751
998.1199999999978 2.072564981526681
999.9999999999978 2.070980560728934
