1 0
1.002 0.1928839338976054
1.004 0.3571224058918779
1.006 0.4959555482045329
1.008 0.6122927615922825
1.01 0.7087448367788565
1.012 0.7876530370882233
1.014 0.8511154257940229
1.016 0.9010106954226125
1.018 0.9390197324002789
1.02 0.9666451287939439
1.022 0.9852288332549314
1.024 0.9959681154518329
1.026 0.9999300021031695
1.028 0.998064328040962
1.03 0.991215532414187
1.032 0.9801333180509005
1.034 0.9654822810257339
1.036 0.9478506075221456
1.038 0.9277579260425378
1.04 0.9056623948190072
1.042 0.8819670968359218
1.044 0.8570258081226086
1.046 0.8311481988466212
1.048 0.8046045211776299
1.05 0.7776298328465338
1.052 0.7504278007464197
1.054 0.723174124768313
1.056 0.6960196182961209
1.058 0.6690929783661961
1.06 0.6425032753952947
1.062 0.6163421895670269
1.064 0.5906860184146586
1.066 0.5655974778231444
1.068 0.5411273165736282
1.07 0.5173157626494855
1.072 0.4941938177961874
1.074 0.4717844152614852
1.076 0.4501034542227306
1.078 0.4291607231210688
1.08 0.4089607229554761
1.082 0.3895034005320548
1.084 0.3707848007055016
1.086 0.3527976457810736
1.088 0.335531849458361
1.09 0.3189749719851126
1.092 0.3031126225435248
1.094 0.2879288143063495
1.096 0.2734062770704597
1.098 0.2595267318958381
1.1 0.2462711317437524
1.102 0.233619871714866
1.104 0.2215529721323956
1.106 0.2100502373936664
1.108 0.1990913932223632
1.11 0.1886562046905756
1.112 0.1787245771417597
1.114 0.1692766419306443
1.116 0.1602928287017321
1.118 0.1517539257524483
1.12 0.1436411298684021
1.122 0.135936086875048
1.124 0.1286209240208014
1.126 0.1216782751900756
1.128 0.1150912998395502
1.13 0.1088436964561741
1.132 0.1029197112499793
1.134 0.09730414271781873
1.136 0.09198234264485386
1.138 0.08694021404826034
1.14 0.08216420651153565
1.142 0.07764130930736955
1.144 0.07335904266174405
1.146 0.06930544747125122
1.148 0.06546907374912732
1.15 0.06183896804277506
1.152 0.05840466003623047
1.154 0.05515614852477992
1.156 0.05208388692545898
1.158 0.04917876846618031
1.16 0.04643211117751199
1.162 0.04383564279441965
1.164 0.04138148566040967
1.166 0.03906214171327248
1.168 0.03687047761986388
1.17 0.03479971011693084
1.172 0.03284339160574437
1.174 0.03099539604013489
1.176 0.02924990514031184
1.178 0.02760139495850201
1.18 0.02604462281686181
1.182 0.02457461463323058
1.184 0.02318665264602105
1.186 0.02187626354582337
1.188 0.02063920701807261
1.19 0.01947146469833895
1.192 0.01836922953940422
1.194 0.01732889558723587
1.196 0.01634704816122821
1.198 0.01542045443261244
1.2 0.01454605439371012
1.202 0.01372095220969301
1.204 0.01294240794368803
1.206 0.01220782964540937
1.208 0.01151476579298744
1.21 0.01086089807728072
1.212 0.01024403451768379
1.214 0.009662102898269052
1.216 0.009113144513008155
1.218 0.008595308208799659
1.22 0.008106844715072295
1.222 0.00764610124882963
1.224 0.00721151638414223
1.226 0.006801615175272893
1.228 0.006415004522830034
1.23 0.006050368772581132
1.232 0.005706465536814344
1.234 0.005382121728410587
1.236 0.005076229798074181
1.238 0.004787744165466257
1.24 0.004515677835286885
1.242 0.004259099189658638
1.244 0.004017128948471766
1.246 0.003788937289659365
1.248 0.0035737411216773
1.25 0.003370801500766291
1.252 0.003179421185873112
1.254 0.002998942324401124
1.256 0.002828744262248402
1.258 0.002668241471872661
1.26 0.002516881592395884
1.262 0.002374143576028372
1.264 0.002239535935349593
1.266 0.002112595086233893
1.268 0.001992883781450891
1.27 0.001879989630203667
1.272 0.001773523699093286
1.274 0.001673119190214472
1.276 0.001578430192295868
1.278 0.001489130500998102
1.28 0.001404912504675046
1.282 0.001325486132087406
1.284 0.001250577858734019
1.286 0.001179929768634748
1.288 0.001113298668559902
1.29 0.001050455251855086
1.292 0.0009911833091572305
1.294 0.0009352789834376794
1.296 0.0008825500669418773
1.298 0.0008328153377224654
1.3 0.0007859039335837549
1.302 0.0007416547613710768
1.304 0.0006999159396480993
1.306 0.0006605442729096816
1.308 0.0006234047555769934
1.31 0.0005883701041158534
1.312 0.0005553203157087766
1.314 0.000524142251996126
1.316 0.0004947292464824366
1.318 0.0004669807342804407
1.32 0.0004408019029378338
1.322 0.0004161033631606291
1.324 0.0003928008383120723
1.326 0.0003708148716278576
1.328 0.0003500705501468742
1.33 0.0003304972444120941
1.332 0.0003120283630486524
1.334 0.0002946011213758229
1.336 0.0002781563232565304
1.338 0.0002626381554325319
1.34 0.0002479939936353856
1.342 0.000234174219803131
1.344 0.0002211320497701669
1.346 0.000208823370833374
1.348 0.0001972065886311286
1.35 0.0001862424828035837
1.352 0.0001758940709326293
1.354 0.0001661264802882724
1.356 0.0001569068269349593
1.358 0.0001482041017766703
1.36 0.0001399890631434901
1.362 0.000132234135544932
1.364 0.0001249133142365829
1.366 0.0001180020752667545
1.368 0.0001114772906887996
1.37 0.000105317148642685
1.372 9.950107802630548E-05
1.374 9.400967749299767E-05
1.376 8.882464852676448E-05
1.378 8.3928732360931E-05
1.38 7.930565051935879E-05
1.382 7.494004877199188E-05
1.384 7.081744430843932E-05
1.386 6.69241759445488E-05
1.388 6.324735718754141E-05
1.39 5.977483199528726E-05
1.392 5.649513307474168E-05
1.394 5.339744257346025E-05
1.396 5.047155502651104E-05
1.398 4.770784242900989E-05
1.4 4.50972213119731E-05
1.402 4.263112170621305E-05
1.404 4.030145788563726E-05
1.406 3.810060078756398E-05
1.408 3.60213520135613E-05
1.41 3.405691931987358E-05
1.412 3.220089351173666E-05
1.414 3.044722666082027E-05
1.416 2.879021156968734E-05
1.418 2.722446241154913E-05
1.42 2.574489647772534E-05
1.422 2.43467169691145E-05
1.424 2.302539677165343E-05
1.426 2.177666315920234E-05
1.428 2.059648337055229E-05
1.43 1.94810510103287E-05
1.432 1.842677322645379E-05
1.434 1.743025861956557E-05
1.436 1.648830584235922E-05
1.438 1.55978928492393E-05
1.44 1.475616675895698E-05
1.442 1.396043429505542E-05
1.444 1.320815277097511E-05
1.446 1.249692158858067E-05
1.448 1.182447422067099E-05
1.45 1.118867064973021E-05
1.452 1.058749023677537E-05
1.454 1.001902499566225E-05
1.456 9.481473249630151E-06
1.458 8.973133648202501E-06
1.46 8.492399523820912E-06
1.462 8.037753568776086E-06
1.464 7.607762814118551E-06
1.466 7.201073893284765E-06
1.468 6.816408574168528E-06
1.47 6.452559544301661E-06
1.472 6.108386434690806E-06
1.474 5.782812068687274E-06
1.476 5.474818923049373E-06
1.478 5.183445789095097E-06
1.48 4.907784622536932E-06
1.482 4.646977571246201E-06
1.484 4.400214170811211E-06
1.486 4.166728698334931E-06
1.488 3.945797675465676E-06
1.49 3.736737512171305E-06
1.492 3.538902283253092E-06
1.494 3.351681630054896E-06
1.496 3.174498780254453E-06
1.498 3.006808679031663E-06
1.5 2.848096225292E-06
1.502 2.697874606984852E-06
1.504 2.555683729897703E-06
1.506 2.421088734627994E-06
1.508 2.293678596737445E-06
1.51 2.173064805378842E-06
1.512 2.058880115954083E-06
1.514 1.950777372616187E-06
1.516 1.848428396666097E-06
1.518 1.751522937121049E-06
1.52 1.659767679943099E-06
1.522 1.572885312616337E-06
1.524 1.49061364095028E-06
1.526 1.412704755164273E-06
1.528 1.338924242475612E-06
1.53 1.269050443571786E-06
1.532 1.202873750496238E-06
1.534 1.14019594361752E-06
1.536 1.080829565483771E-06
1.538 1.024597329489491E-06
1.54 9.71331561398962E-07
1.542 9.208736718817283E-07
1.544 8.730736583199539E-07
1.546 8.277896342461288E-07
1.548 7.848873848625729E-07
1.55 7.442399471816303E-07
1.552 7.057272134083633E-07
1.554 6.692355562652082E-07
1.556 6.346574750316953E-07
1.558 6.01891261141541E-07
1.56 5.708406822448167E-07
1.562 5.414146837044581E-07
1.564000000000001 5.13527106554532E-07
1.566000000000001 4.870964210024692E-07
1.568000000000001 4.620454746091676E-07
1.570000000000001 4.383012543295934E-07
1.572000000000001 4.157946616425302E-07
1.574000000000001 3.944603000414886E-07
1.576000000000001 3.742362741996362E-07
1.578000000000001 3.550640001603091E-07
1.580000000000001 3.368880259409635E-07
1.582000000000001 3.196558619728106E-07
1.584000000000001 3.033178208307828E-07
1.586000000000001 2.878268657389991E-07
1.588000000000001 2.731384673657731E-07
1.590000000000001 2.592104684493553E-07
1.592000000000001 2.460029558213274E-07
1.594000000000001 2.33478139418716E-07
1.596000000000001 2.216002378987878E-07
1.598000000000001 2.103353704920059E-07
1.600000000000001 1.996514547490165E-07
1.602000000000001 1.895181098566675E-07
1.604000000000001 1.799065652162348E-07
1.606000000000001 1.707895739940794E-07
1.608000000000001 1.621413313711166E-07
1.610000000000001 1.539373972326908E-07
1.612000000000001 1.461546230548236E-07
1.614000000000001 1.3877108275636E-07
1.616000000000001 1.317660072993275E-07
1.618000000000001 1.251197228319418E-07
1.620000000000001 1.188135921800389E-07
1.622000000000001 1.128299595035261E-07
1.624000000000001 1.071520979445915E-07
1.626000000000001 1.017641601039871E-07
1.628000000000001 9.665113119078531E-08
1.630000000000001 9.179878469953412E-08
1.632000000000001 8.71936404768247E-08
1.634000000000001 8.28229250468906E-08
1.636000000000001 7.867453407306858E-08
1.638000000000001 7.473699683873576E-08
1.640000000000001 7.099944263775182E-08
1.642000000000001 6.745156897049801E-08
1.644000000000001 6.40836114473263E-08
1.646000000000001 6.08863153066214E-08
1.648000000000001 5.785090845980005E-08
1.650000000000001 5.496907598037067E-08
1.652000000000001 5.223293595873684E-08
1.654000000000001 4.963501664872669E-08
1.656000000000001 4.716823483588323E-08
1.658000000000001 4.482587536138798E-08
1.660000000000001 4.260157173911502E-08
1.662000000000001 4.048928780672714E-08
1.664000000000001 3.848330035496152E-08
1.666000000000001 3.657818268230683E-08
1.668000000000001 3.476878902515175E-08
1.670000000000001 3.305023981621753E-08
1.672000000000001 3.14179077266526E-08
1.674000000000001 2.986740444961118E-08
1.676000000000001 2.839456818542171E-08
1.678000000000001 2.699545179063702E-08
1.680000000000001 2.566631155529844E-08
1.682000000000001 2.440359657469264E-08
1.684000000000001 2.320393868370864E-08
1.686000000000001 2.206414292363486E-08
1.688000000000001 2.098117851287413E-08
1.690000000000001 1.995217029459841E-08
1.692000000000001 1.897439063583011E-08
1.694000000000001 1.804525175381525E-08
1.696000000000001 1.716229844686359E-08
1.698000000000001 1.632320120806105E-08
1.700000000000001 1.55257497014304E-08
1.702000000000001 1.476784658121699E-08
1.704000000000001 1.404750163602004E-08
1.706000000000001 1.336282624047666E-08
1.708000000000001 1.271202809813542E-08
1.710000000000001 1.209340626004075E-08
1.712000000000001 1.15053464043804E-08
1.714000000000001 1.094631636333609E-08
1.716000000000001 1.041486188402451E-08
1.718000000000001 9.909602611117741E-09
1.720000000000001 9.429228279399311E-09
1.722000000000001 8.972495105142927E-09
1.724000000000001 8.538222365795256E-09
1.726000000000001 8.125289158008336E-09
1.728000000000001 7.732631324599994E-09
1.730000000000001 7.359238541524372E-09
1.732000000000001 7.004151556411923E-09
1.734000000000001 6.6664595706887E-09
1.736000000000001 6.345297757711195E-09
1.738000000000001 6.039844909757217E-09
1.740000000000001 5.749321207094038E-09
1.742000000000001 5.472986102706997E-09
1.744000000000001 5.210136316612832E-09
1.746000000000001 4.960103934005388E-09
1.748000000000001 4.722254601787069E-09
1.750000000000001 4.495985818329537E-09
1.752000000000001 4.280725311579166E-09
1.754000000000001 4.075929500884098E-09
1.756000000000001 3.881082038162935E-09
1.758000000000001 3.695692424268509E-09
1.760000000000001 3.519294696618735E-09
1.762000000000001 3.351446184375211E-09
1.764000000000001 3.191726327646017E-09
1.766000000000001 3.039735557376022E-09
1.768000000000001 2.895094232763907E-09
1.770000000000001 2.757441633211683E-09
1.772000000000001 2.626435001970537E-09
1.774000000000001 2.50174863879654E-09
1.776000000000001 2.383073039070517E-09
1.778000000000001 2.270114076970803E-09
1.780000000000001 2.162592230414495E-09
1.782000000000001 2.060241845602185E-09
1.784000000000001 1.962810439115636E-09
1.786000000000001 1.870058035624759E-09
1.788000000000001 1.78175653936262E-09
1.790000000000001 1.697689137623322E-09
1.792000000000001 1.617649734629249E-09
1.794000000000001 1.541442414200578E-09
1.796000000000001 1.468880929741701E-09
1.798000000000001 1.399788220137157E-09
1.800000000000001 1.33399595022282E-09
1.802000000000001 1.271344074567917E-09
1.804000000000001 1.211680423369276E-09
1.806000000000001 1.154860309321591E-09
1.808000000000001 1.100746154386794E-09
1.810000000000001 1.049207135441524E-09
1.812000000000001 1.000118847834837E-09
1.814000000000001 9.533629859384774E-10
1.816000000000001 9.088270398198035E-10
1.818000000000001 8.664040072125428E-10
1.820000000000001 8.259921200032045E-10
1.822000000000001 7.874945844916641E-10
1.824000000000001 7.50819334722753E-10
1.826000000000001 7.158787982219768E-10
1.828000000000001 6.825896735030948E-10
1.830000000000001 6.508727187478715E-10
1.832000000000001 6.206525510893053E-10
1.834000000000001 5.918574559589351E-10
1.836000000000001 5.644192059866754E-10
1.838000000000001 5.382728889679598E-10
1.840000000000001 5.133567444379462E-10
1.842000000000001 4.896120084162201E-10
1.844000000000001 4.669827659078769E-10
1.846000000000001 4.454158107681091E-10
1.848000000000001 4.248605125576495E-10
1.850000000000001 4.052686900354423E-10
1.852000000000001 3.865944909531634E-10
1.854000000000001 3.687942778332453E-10
1.856000000000001 3.518265194285148E-10
1.858000000000001 3.356516875768356E-10
1.860000000000001 3.20232159178921E-10
1.862000000000001 3.055321230413144E-10
1.864000000000001 2.915174913396724E-10
1.866000000000001 2.781558154700653E-10
1.868000000000001 2.654162060677358E-10
1.870000000000001 2.532692569840949E-10
1.872000000000001 2.416869730233037E-10
1.874000000000001 2.306427012499448E-10
1.876000000000001 2.201110656888315E-10
1.878000000000001 2.100679052471215E-10
1.880000000000001 2.004902146975002E-10
1.882000000000001 1.913560885693787E-10
1.884000000000001 1.826446678028225E-10
1.886000000000001 1.743360890272635E-10
1.888000000000001 1.664114363340516E-10
1.890000000000001 1.588526954185027E-10
1.892000000000001 1.516427099734045E-10
1.894000000000001 1.447651402218787E-10
1.896000000000001 1.382044234831831E-10
1.898000000000001 1.319457366703845E-10
1.900000000000001 1.259749606239238E-10
1.902000000000001 1.202786461899497E-10
1.904000000000001 1.148439819568571E-10
1.906000000000001 1.096587635678399E-10
1.908000000000001 1.047113645313785E-10
1.910000000000001 9.999070845553133E-11
1.912000000000001 9.548624263558203E-11
1.914000000000001 9.118791292816497E-11
1.916000000000001 8.708613984830979E-11
1.918000000000001 8.317179582905658E-11
1.920000000000001 7.943618358628723E-11
1.922000000000001 7.587101553431216E-11
1.924000000000001 7.246839420044508E-11
1.926000000000001 6.922079358941248E-11
1.928000000000001 6.612104145087132E-11
1.930000000000001 6.316230240565387E-11
1.932000000000001 6.033806188856737E-11
1.934000000000001 5.76421108676719E-11
1.936000000000001 5.50685313019556E-11
1.938000000000001 5.26116823012217E-11
1.940000000000001 5.026618695380002E-11
1.942000000000001 4.802691978939653E-11
1.944000000000001 4.588899484602653E-11
1.946000000000001 4.384775431150948E-11
1.948000000000001 4.189875771146485E-11
1.950000000000001 4.003777161714597E-11
1.952000000000001 3.826075984775948E-11
1.954000000000001 3.656387414317653E-11
1.956000000000001 3.494344528412915E-11
1.958000000000001 3.33959746381191E-11
1.960000000000001 3.191812611033717E-11
1.962000000000001 3.050671847991636E-11
1.964000000000001 2.915871810280583E-11
1.966000000000001 2.787123196347895E-11
1.968000000000001 2.664150105856048E-11
1.970000000000001 2.546689409629296E-11
1.972000000000001 2.434490149654594E-11
1.974000000000001 2.327312967683237E-11
1.976000000000001 2.224929561049897E-11
1.978000000000001 2.127122164394433E-11
1.980000000000001 2.033683056035665E-11
1.982000000000001 1.944414087807827E-11
1.984000000000001 1.859126237228594E-11
1.986000000000001 1.777639180922668E-11
1.988000000000001 1.699780888277716E-11
1.990000000000001 1.62538723435925E-11
1.992000000000001 1.554301631158553E-11
1.994000000000001 1.486374676292989E-11
1.996000000000001 1.421463818320766E-11
1.998000000000001 1.359433037873188E-11
2.000000000000001 1.300152543846008E-11
