1 0
1.002 0.06186664901055951
1.004 0.120809356309652
1.006 0.1769372153909123
1.008 0.2303555222262319
1.01 0.2811659050097066
1.012 0.3294664494567784
1.014 0.3753518198128231
1.016 0.4189133757200529
1.018 0.4602392850863375
1.02 0.4994146330944127
1.022 0.5365215274851673
1.024 0.5716392002438768
1.026 0.6048441058137733
1.028 0.636210015956943
1.03 0.6658081113783347
1.032 0.6937070702245485
1.034 0.7199731535652314
1.036 0.7446702879610374
1.038 0.7678601452185179
1.04 0.7896022194287784
1.042 0.8099539013833227
1.044 0.8289705504572856
1.046 0.8467055640470531
1.048 0.8632104446462557
1.05 0.8785348646411825
1.052 0.8927267289038424
1.054 0.9058322352581495
1.056 0.9178959328921195
1.058 0.9289607787863872
1.06 0.9390681922269358
1.062 0.9482581074675613
1.064 0.95656902460531
1.066 0.9640380587299534
1.068 0.970700987406428
1.07 0.9765922965471322
1.072 0.981745224729007
1.074 0.9861918060084135
1.076 0.9899629112850029
1.078 0.9930882882639951
1.08 0.9955966000645732
1.082 0.9975154625204671
1.084 0.9988714802171925
1.086 0.9996902813089
1.088 0.9999965511562897
1.09 0.999814064825631
1.092 0.9991657184875503
1.094 0.9980735597529143
1.096 0.9965588169818588
1.098 0.9946419276007725
1.1 0.9923425654608561
1.102 0.9896796672707161
1.104 0.986671458134347
1.106 0.9833354762247821
1.108 0.9796885966226504
1.11 0.9757470543478837
1.112 0.9715264666118497
1.114 0.9670418543162581
1.116 0.962307662824276
1.118 0.9573377820284443
1.12 0.9521455657391185
1.122 0.9467438504163737
1.124 0.9411449732675184
1.126 0.9353607897316119
1.128 0.9294026903716557
1.13 0.9232816171944171
1.132 0.9170080794171755
1.134 0.9105921687000187
1.136 0.9040435738616895
1.138 0.8973715950963702
1.14 0.8905851577082006
1.142 0.8836928253797564
1.144 0.8767028129901748
1.146 0.8696229989980634
1.148 0.8624609374038381
1.15 0.8552238693056236
1.152 0.8479187340623791
1.154 0.8405521800774522
1.156 0.8331305752153164
1.158 0.8256600168638066
1.16 0.8181463416537768
1.162 0.8105951348476702
1.164 0.803011739408131
1.166 0.7954012647573961
1.168 0.78776859523785
1.17 0.7801183982837787
1.172 0.7724551323140108
1.174 0.7647830543548177
1.176 0.7571062274021292
1.178 0.7494285275318089
1.18 0.7417536507664442
1.182 0.7340851197068312
1.184 0.726426289936038
1.186 0.718780356203688
1.188 0.7111503583978364
1.19 0.7035391873115647
1.192 0.6959495902111927
1.194 0.6883841762127517
1.196 0.680845421473168
1.198 0.6733356742023691
1.2 0.6658571595023273
1.202 0.6584119840388499
1.204 0.6510021405517341
1.206 0.64362951220871
1.208 0.6362958768084271
1.21 0.6290029108375436
1.212 0.6217521933868349
1.214 0.6145452099310457
1.216 0.6073833559770745
1.218 0.6002679405849131
1.22 0.5932001897656231
1.222 0.5861812497604802
1.224 0.5792121902052947
1.226 0.572294007183761
1.228 0.5654276261735796
1.23 0.5586139048889625
1.232 0.551853636023007
1.234 0.5451475498933235
1.236 0.5384963169941661
1.238 0.5319005504582294
1.24 0.5253608084311543
1.242 0.5188775963616933
1.244 0.5124513692103784
1.246 0.5060825335794522
1.248 0.4997714497667179
1.25 0.4935184337458849
1.252 0.4873237590758973
1.254 0.4811876587416442
1.256 0.4751103269283913
1.258 0.4690919207321621
1.26 0.4631325618082538
1.262 0.4572323379599851
1.264 0.4513913046697033
1.266 0.4456094865740182
1.268 0.4398868788851548
1.27 0.4342234487602618
1.272 0.42861913662045
1.274 0.423073857421269
1.276 0.4175875018762887
1.278 0.4121599376353779
1.28 0.4067910104192321
1.282 0.40148054511165
1.284 0.3962283468109987
1.286 0.3910342018422783
1.288 0.3858978787311205
1.29 0.3808191291410457
1.292 0.375797688775235
1.294 0.3708332782440302
1.296 0.3659256038993621
1.298 0.3610743586372249
1.3 0.3562792226693233
1.302 0.3515398642649371
1.304 0.3468559404640503
1.306 0.342227097762737
1.308 0.3376529727717567
1.31 0.3331331928493102
1.312 0.3286673767088334
1.314 0.324255135002719
1.316 0.3198960708827933
1.318 0.3155897805383642
1.32 0.3113358537126322
1.322 0.3071338741982108
1.324 0.3029834203125028
1.326 0.2988840653536369
1.328 0.2948353780376428
1.33 0.2908369229175424
1.332 0.2868882607849807
1.334 0.2829889490550275
1.336 0.279138542134744
1.338 0.2753365917760861
1.34 0.2715826474137148
1.342 0.2678762564882404
1.344 0.2642169647554316
1.346 0.260604316581891
1.348 0.2570378552276763
1.35 0.2535171231163538
1.352 0.2500416620929184
1.354 0.24661101367004
1.356 0.2432247192630416
1.358 0.2398823204140351
1.36 0.2365833590056015
1.362 0.2333273774643977
1.364 0.2301139189550693
1.366 0.2269425275648123
1.368 0.2238127484789423
1.37 0.2207241281477968
1.372 0.2176762144452914
1.374 0.2146685568194494
1.376 0.2117007064351938
1.378 0.208772216309702
1.38 0.2058826414405974
1.382 0.2030315389272489
1.384 0.2002184680854442
1.386 0.1974429905556822
1.388 0.1947046704053343
1.39 0.1920030742249087
1.392 0.1893377712186396
1.394 0.1867083332896312
1.396 0.1841143351197554
1.398 0.1815553542445194
1.4 0.1790309711230951
1.402 0.1765407692036977
1.404 0.1740843349845062
1.406 0.1716612580702945
1.408 0.1692711312249502
1.41 0.1669135504200454
1.412 0.1645881148796151
1.414 0.1622944271213048
1.416 0.1600320929940276
1.418 0.1578007217122814
1.42 0.1555999258872598
1.422 0.153429321554892
1.424 0.1512885282009405
1.426 0.1491771687832798
1.428 0.1470948697514786
1.43 0.1450412610637968
1.432 0.143015976201712
1.434 0.1410186521820835
1.436 0.1390489295670524
1.438 0.1371064524717858
1.44 0.1351908685701519
1.442 0.1333018290984273
1.444 0.1314389888571219
1.446 0.1296020062110055
1.448 0.1277905430874264
1.45 0.1260042649729922
1.452 0.1242428409086994
1.454 0.122505943483581
1.456 0.1207932488269422
1.458 0.11910443659926
1.46 0.1174391899818038
1.462 0.11579719566505
1.464 0.1141781438359462
1.466 0.1125817281640851
1.468 0.111007645786849
1.47 0.1094555972935732
1.472 0.1079252867087878
1.474 0.1064164214745857
1.476 0.104928712432163
1.478 0.1034618738025852
1.48 0.1020156231668175
1.482 0.1005896814450695
1.484 0.09918377287548912
1.486 0.0977976249922515
1.488 0.09643096860308017
1.49 0.09508353776623378
1.492 0.0937550697670007
1.494 0.09244530509372892
1.496 0.09115398741342984
1.498 0.08988086354698421
1.5 0.08862568344397932
1.502 0.08738820015721252
1.504 0.08616816981688064
1.506 0.08496535160448898
1.508 0.08377950772650264
1.51 0.08261040338776318
1.512 0.08145780676469837
1.514 0.08032148897834332
1.516 0.07920122406719721
1.518 0.07809678895993606
1.52 0.07700796344799951
1.522 0.07593453015807385
1.524 0.07487627452448486
1.526 0.07383298476152318
1.528 0.07280445183571456
1.53 0.07179046943805163
1.532 0.07079083395620504
1.534 0.06980534444672384
1.536 0.06883380260724305
1.538 0.06787601274870957
1.54 0.06693178176763794
1.542 0.06600091911841105
1.544 0.06508323678563324
1.546 0.06417854925654976
1.548 0.06328667349354172
1.55 0.06240742890670499
1.552 0.06154063732652498
1.554 0.06068612297665315
1.556 0.05984371244679702
1.558 0.05901323466572676
1.56 0.05819452087441172
1.562 0.05738740459928893
1.564000000000001 0.05659172162567256
1.566000000000001 0.05580730997131123
1.568000000000001 0.05503400986009699
1.570000000000001 0.0542716636959331
1.572000000000001 0.05352011603676662
1.574000000000001 0.05277921356878746
1.576000000000001 0.0520488050808031
1.578000000000001 0.05132874143878926
1.580000000000001 0.05061887556062232
1.582000000000001 0.04991906239099848
1.584000000000001 0.04922915887653993
1.586000000000001 0.0485490239410947
1.588000000000001 0.04787851846123108
1.590000000000001 0.04721750524192937
1.592000000000001 0.04656584899247582
1.594000000000001 0.04592341630255733
1.596000000000001 0.04529007561856275
1.598000000000001 0.04466569722009011
1.600000000000001 0.04405015319666285
1.602000000000001 0.04344331742465653
1.604000000000001 0.04284506554443638
1.606000000000001 0.0422552749377085
1.608000000000001 0.04167382470508434
1.610000000000001 0.04110059564386041
1.612000000000001 0.04053547022601299
1.614000000000001 0.03997833257640989
1.616000000000001 0.03942906845123805
1.618000000000001 0.03888756521664875
1.620000000000001 0.03835371182761984
1.622000000000001 0.03782739880703544
1.624000000000001 0.03730851822498324
1.626000000000001 0.03679696367826914
1.628000000000001 0.03629263027014877
1.630000000000001 0.03579541459027642
1.632000000000001 0.03530521469486983
1.634000000000001 0.03482193008709172
1.636000000000001 0.03434546169764652
1.638000000000001 0.03387571186559158
1.640000000000001 0.03341258431936352
1.642000000000001 0.032955984158017
1.644000000000001 0.03250581783267667
1.646000000000001 0.0320619931282008
1.648000000000001 0.03162441914505518
1.650000000000001 0.0311930062813973
1.652000000000001 0.03076766621536855
1.654000000000001 0.03034831188759449
1.656000000000001 0.0299348574838911
1.658000000000001 0.02952721841817627
1.660000000000001 0.02912531131558512
1.662000000000001 0.0287290539957877
1.664000000000001 0.02833836545650822
1.666000000000001 0.02795316585724401
1.668000000000001 0.02757337650318261
1.670000000000001 0.0271989198293165
1.672000000000001 0.02682971938475254
1.674000000000001 0.02646569981721599
1.676000000000001 0.02610678685774718
1.678000000000001 0.02575290730558863
1.680000000000001 0.025403989013262
1.682000000000001 0.02505996087183249
1.684000000000001 0.0247207527963602
1.686000000000001 0.02438629571153511
1.688000000000001 0.02405652153749591
1.690000000000001 0.02373136317582984
1.692000000000001 0.02341075449575204
1.694000000000001 0.02309463032046342
1.696000000000001 0.0227829264136843
1.698000000000001 0.02247557946636325
1.700000000000001 0.02217252708355874
1.702000000000001 0.02187370777149182
1.704000000000001 0.02157906092476897
1.706000000000001 0.0212885268137722
1.708000000000001 0.02100204657221592
1.710000000000001 0.02071956218486793
1.712000000000001 0.02044101647543334
1.714000000000001 0.02016635309459958
1.716000000000001 0.01989551650824063
1.718000000000001 0.01962845198577923
1.720000000000001 0.01936510558870484
1.722000000000001 0.01910542415924567
1.724000000000001 0.01884935530919405
1.726000000000001 0.01859684740888153
1.728000000000001 0.01834784957630443
1.730000000000001 0.01810231166639596
1.732000000000001 0.01786018426044475
1.734000000000001 0.01762141865565745
1.736000000000001 0.01738596685486351
1.738000000000001 0.01715378155636165
1.740000000000001 0.01692481614390471
1.742000000000001 0.01669902467682262
1.744000000000001 0.01647636188028139
1.746000000000001 0.01625678313567598
1.748000000000001 0.01604024447115681
1.750000000000001 0.01582670255228641
1.752000000000001 0.0156161146728265
1.754000000000001 0.01540843874565282
1.756000000000001 0.01520363329379611
1.758000000000001 0.01500165744160866
1.760000000000001 0.01480247090605345
1.762000000000001 0.01460603398811569
1.764000000000001 0.01441230756433469
1.766000000000001 0.01422125307845397
1.768000000000001 0.01403283253318948
1.770000000000001 0.0138470084821131
1.772000000000001 0.01366374402165062
1.774000000000001 0.01348300278319297
1.776000000000001 0.01330474892531839
1.778000000000001 0.01312894712612519
1.780000000000001 0.01295556257567277
1.782000000000001 0.01278456096852999
1.784000000000001 0.01261590849642953
1.786000000000001 0.01244957184102637
1.788000000000001 0.01228551816675974
1.790000000000001 0.01212371511381662
1.792000000000001 0.01196413079119562
1.794000000000001 0.0118067337698702
1.796000000000001 0.01165149307604919
1.798000000000001 0.01149837818453445
1.800000000000001 0.01134735901217306
1.802000000000001 0.01119840591140393
1.804000000000001 0.01105148966389685
1.806000000000001 0.01090658147428295
1.808000000000001 0.01076365296397558
1.810000000000001 0.01062267616507984
1.812000000000001 0.01048362351439021
1.814000000000001 0.0103464678474745
1.816000000000001 0.01021118239284335
1.818000000000001 0.01007774076620415
1.820000000000001 0.009946116964797554
1.822000000000001 0.009816285361816508
1.824000000000001 0.009688220700905819
1.826000000000001 0.009561898090741372
1.828000000000001 0.009437292999688325
1.830000000000001 0.009314381250536453
1.832000000000001 0.009193139015312202
1.834000000000001 0.009073542810166096
1.836000000000001 0.008955569490334403
1.838000000000001 0.008839196245174397
1.840000000000001 0.008724400593271526
1.842000000000001 0.008611160377618251
1.844000000000001 0.008499453760863024
1.846000000000001 0.008389259220628447
1.848000000000001 0.008280555544898097
1.850000000000001 0.008173321827470381
1.852000000000001 0.008067537463479124
1.854000000000001 0.00796318214497938
1.856000000000001 0.007860235856598008
1.858000000000001 0.007758678871247863
1.860000000000001 0.007658491745904657
1.862000000000001 0.00755965531744577
1.864000000000001 0.007462150698550047
1.866000000000001 0.007365959273657606
1.868000000000001 0.007271062694989043
1.870000000000001 0.007177442878622957
1.872000000000001 0.007085082000631144
1.874000000000001 0.0069939624932704
1.876000000000001 0.006904067041230458
1.878000000000001 0.006815378577936882
1.880000000000001 0.00672788028190846
1.882000000000001 0.006641555573168085
1.884000000000001 0.006556388109706455
1.886000000000001 0.006472361783997803
1.888000000000001 0.006389460719566933
1.890000000000001 0.006307669267606797
1.892000000000001 0.006226972003645866
1.894000000000001 0.006147353724264675
1.896000000000001 0.006068799443860604
1.898000000000001 0.005991294391460534
1.900000000000001 0.00591482400758033
1.902000000000001 0.005839373941130748
1.904000000000001 0.005764930046368961
1.906000000000001 0.005691478379894944
1.908000000000001 0.005619005197692381
1.910000000000001 0.005547496952213044
1.912000000000001 0.005476940289504417
1.914000000000001 0.005407322046379495
1.916000000000001 0.005338629247628605
1.918000000000001 0.005270849103272207
1.920000000000001 0.005203969005854417
1.922000000000001 0.005137976527776481
1.924000000000001 0.005072859418669567
1.926000000000001 0.005008605602806497
1.928000000000001 0.004945203176551632
1.930000000000001 0.004882640405848515
1.932000000000001 0.004820905723744628
1.934000000000001 0.004759987727952722
1.936000000000001 0.004699875178448241
1.938000000000001 0.0046405569951022
1.940000000000001 0.004582022255349198
1.942000000000001 0.004524260191889714
1.944000000000001 0.00446726019042659
1.946000000000001 0.004411011787434856
1.948000000000001 0.004355504667964577
1.950000000000001 0.004300728663476221
1.952000000000001 0.00424667374970796
1.954000000000001 0.00419333004457464
1.956000000000001 0.004140687806097743
1.958000000000001 0.00408873743036593
1.960000000000001 0.004037469449525912
1.962000000000001 0.003986874529802809
1.964000000000001 0.003936943469550014
1.966000000000001 0.003887667197327743
1.968000000000001 0.003839036770010051
1.970000000000001 0.003791043370919919
1.972000000000001 0.003743678307991763
1.974000000000001 0.003696933011961281
1.976000000000001 0.003650799034581981
1.978000000000001 0.003605268046868063
1.980000000000001 0.003560331837363383
1.982000000000001 0.003515982310435878
1.984000000000001 0.003472211484597324
1.986000000000001 0.00342901149084785
1.988000000000001 0.003386374571044985
1.990000000000001 0.003344293076296777
1.992000000000001 0.003302759465378649
1.994000000000001 0.00326176630317372
1.996000000000001 0.003221306259136052
1.998000000000001 0.003181372105776739
2.000000000000001 0.003141956717172297
